                Time,             Y-Force,      Work integrand,                Mass,           Mass error
    0.0000000000E+00,    4.0330631146E-06,    0.0000000000E+00,    7.7943986004E-01,                  NaN
    1.5625000000E-02,   -3.3047663904E-03,   -1.6367870946E-06,    7.7943986004E-01,                  NaN
    3.1250000000E-02,   -1.3052271427E-02,   -2.4048381809E-05,    7.7943986004E-01,                  NaN
    4.6875000000E-02,   -2.9467104301E-02,   -1.1681849919E-04,    7.7943986004E-01,                  NaN
    6.2500000000E-02,   -5.2759621394E-02,   -3.6054198490E-04,    7.7943986004E-01,                  NaN
    7.8125000000E-02,   -8.2839982255E-02,   -8.6241045369E-04,    7.7943986004E-01,                  NaN
    9.3750000000E-02,   -1.1965320236E-01,   -1.7547387247E-03,    7.7943986004E-01,                  NaN
    1.0937500000E-01,   -1.6317790195E-01,   -3.1925103470E-03,    7.7943986004E-01,                  NaN
    1.2500000000E-01,   -2.1294215463E-01,   -5.3407498934E-03,    7.7943986004E-01,                  NaN
    1.4062500000E-01,   -2.6782486626E-01,   -8.3554737778E-03,    7.7943986004E-01,                  NaN
    1.5625000000E-01,   -3.2606991104E-01,   -1.2359688934E-02,    7.7943986004E-01,                  NaN
    1.7187500000E-01,   -3.8500128643E-01,   -1.7403507911E-02,    7.7943986004E-01,                  NaN
    1.8750000000E-01,   -4.4082088029E-01,   -2.3414852582E-02,    7.7943986004E-01,                  NaN
    2.0312500000E-01,   -4.8935049496E-01,   -3.0186679992E-02,    7.7943986004E-01,                  NaN
    2.1875000000E-01,   -5.2770289355E-01,   -3.7448672439E-02,    7.7943986004E-01,                  NaN
    2.3437500000E-01,   -5.5549221013E-01,   -4.4987741216E-02,    7.7943986004E-01,                  NaN
    2.5000000000E-01,   -5.7423405694E-01,   -5.2697051903E-02,    7.7943986004E-01,                  NaN
    2.6562500000E-01,   -5.8549654410E-01,   -6.0497127092E-02,    7.7943986004E-01,                  NaN
    2.8125000000E-01,   -5.8979514608E-01,   -6.8236202096E-02,    7.7943986004E-01,                  NaN
    2.9687500000E-01,   -5.8723010931E-01,   -7.5714321388E-02,    7.7943986004E-01,                  NaN
    3.1250000000E-01,   -5.7884116599E-01,   -8.2826468588E-02,    7.7943986004E-01,                  NaN
    3.2812500000E-01,   -5.6717036651E-01,   -8.9689408093E-02,    7.7943986004E-01,                  NaN
    3.4375000000E-01,   -5.5574810566E-01,   -9.6663310845E-02,    7.7943986004E-01,                  NaN
    3.5937500000E-01,   -5.4822629483E-01,   -1.0429577164E-01,    7.7943986004E-01,                  NaN
    3.7500000000E-01,   -5.4766167345E-01,   -1.1323175196E-01,    7.7943986004E-01,                  NaN
    3.9062500000E-01,   -5.5590782739E-01,   -1.2408023442E-01,    7.7943986004E-01,                  NaN
    4.0625000000E-01,   -5.7317311745E-01,   -1.3725082035E-01,    7.7943986004E-01,                  NaN
    4.2187500000E-01,   -5.9815118374E-01,   -1.5286256202E-01,    7.7943986004E-01,                  NaN
    4.3750000000E-01,   -6.2887811401E-01,   -1.7082170552E-01,    7.7943986004E-01,                  NaN
    4.5312500000E-01,   -6.6372317807E-01,   -1.9100564628E-01,    7.7943986004E-01,                  NaN
    4.6875000000E-01,   -7.0162499035E-01,   -2.1334437646E-01,    7.7943986004E-01,                  NaN
    4.8437500000E-01,   -7.4135172709E-01,   -2.3766057323E-01,    7.7943986004E-01,                  NaN
    5.0000000000E-01,   -7.8056172052E-01,   -2.6338370899E-01,    7.7943986004E-01,                  NaN
    5.1562500000E-01,   -8.1569167950E-01,   -2.8942488569E-01,    7.7943986004E-01,                  NaN
    5.3125000000E-01,   -8.4292460713E-01,   -3.1438511500E-01,    7.7943986004E-01,                  NaN
    5.4687500000E-01,   -8.5952181729E-01,   -3.3698166557E-01,    7.7943986004E-01,                  NaN
    5.6250000000E-01,   -8.6460043866E-01,   -3.5641227976E-01,    7.7943986004E-01,                  NaN
    5.7812500000E-01,   -8.5902813885E-01,   -3.7246950943E-01,    7.7943986004E-01,                  NaN
    5.9375000000E-01,   -8.4474853800E-01,   -3.8541930458E-01,    7.7943986004E-01,                  NaN
    6.0937500000E-01,   -8.2402487762E-01,   -3.9577436394E-01,    7.7943986004E-01,                  NaN
    6.2500000000E-01,   -7.9894309634E-01,   -4.0410170486E-01,    7.7943986004E-01,                  NaN
    6.4062500000E-01,   -7.7135571742E-01,   -4.1097761833E-01,    7.7943986004E-01,                  NaN
    6.5625000000E-01,   -7.4325561686E-01,   -4.1713425203E-01,    7.7943986004E-01,                  NaN
    6.7187500000E-01,   -7.1724308476E-01,   -4.2368903523E-01,    7.7943986004E-01,                  NaN
    6.8750000000E-01,   -6.9653028340E-01,   -4.3220531478E-01,    7.7943986004E-01,                  NaN
    7.0312500000E-01,   -6.8418807052E-01,   -4.4439057045E-01,    7.7943986004E-01,                  NaN
    7.1875000000E-01,   -6.8199629020E-01,   -4.6152464858E-01,    7.7943986004E-01,                  NaN
    7.3437500000E-01,   -6.8969678912E-01,   -4.8397626603E-01,    7.7943986004E-01,                  NaN
    7.5000000000E-01,   -7.0518841079E-01,   -5.1113237762E-01,    7.7943986004E-01,                  NaN
    7.6562500000E-01,   -7.2547028241E-01,   -5.4174475686E-01,    7.7943986004E-01,                  NaN
    7.8125000000E-01,   -7.4762294038E-01,   -5.7439227911E-01,    7.7943986004E-01,                  NaN
    7.9687500000E-01,   -7.6923276768E-01,   -6.0773112714E-01,    7.7943986004E-01,                  NaN
    8.1250000000E-01,   -7.8820463003E-01,   -6.4043774662E-01,    7.7943986004E-01,                  NaN
    8.2812500000E-01,   -8.0236723998E-01,   -6.7101318349E-01,    7.7943986004E-01,                  NaN
    8.4375000000E-01,   -8.0935826545E-01,   -6.9772095732E-01,    7.7943986004E-01,                  NaN
    8.5937500000E-01,   -8.0702203728E-01,   -7.1883575202E-01,    7.7943986004E-01,                  NaN
    8.7500000000E-01,   -7.9416314211E-01,   -7.3315732138E-01,    7.7943986004E-01,                  NaN
    8.9062500000E-01,   -7.7119670292E-01,   -7.4051945994E-01,    7.7943986004E-01,                  NaN
    9.0625000000E-01,   -7.4022367160E-01,   -7.4195618107E-01,    7.7943986004E-01,                  NaN
    9.2187500000E-01,   -7.0440361222E-01,   -7.3937240897E-01,    7.7943986004E-01,                  NaN
    9.3750000000E-01,   -6.6698208258E-01,   -7.3490269494E-01,    7.7943986004E-01,                  NaN
    9.5312500000E-01,   -6.3055631073E-01,   -7.3035422875E-01,    7.7943986004E-01,                  NaN
    9.6875000000E-01,   -5.9692002749E-01,   -7.2702075193E-01,    7.7943986004E-01,                  NaN
    9.8437500000E-01,   -5.6733545609E-01,   -7.2581957146E-01,    7.7943986004E-01,                  NaN
    1.0000000000E+00,   -5.4278529455E-01,   -7.2745686256E-01,    7.7943986004E-01,                  NaN
                 NaN,   -5.8813232458E-01,   -3.0544542336E-01,    7.7943986004E-01,                  NaN
