                Time,             Y-Force,      Work integrand,                Mass,           Mass error
    0.0000000000E+00,   -8.8817841970E-16,    0.0000000000E+00,    7.8542744471E-01,                  NaN
    1.9531250000E-03,   -4.4354407441E-05,    2.7188954022E-10,    7.8542744471E-01,                  NaN
    3.9062500000E-03,   -2.1495892445E-04,   -5.1852588897E-09,    7.8542744471E-01,                  NaN
    5.8593750000E-03,   -4.9799295595E-04,   -3.4120753688E-08,    7.8542744471E-01,                  NaN
    7.8125000000E-03,   -8.6967752138E-04,   -1.1209790643E-07,    7.8542744471E-01,                  NaN
    9.7656250000E-03,   -1.3309856755E-03,   -2.7256355583E-07,    7.8542744471E-01,                  NaN
    1.1718750000E-02,   -1.8948993716E-03,   -5.5900980048E-07,    7.8542744471E-01,                  NaN
    1.3671875000E-02,   -2.5669501363E-03,   -1.0237963802E-06,    7.8542744471E-01,                  NaN
    1.5625000000E-02,   -3.3435172784E-03,   -1.7254766231E-06,    7.8542744471E-01,                  NaN
    1.7578125000E-02,   -4.2201557661E-03,   -2.7286820331E-06,    7.8542744471E-01,                  NaN
    1.9531250000E-02,   -5.1962045139E-03,   -4.1059165868E-06,    7.8542744471E-01,                  NaN
    2.1484375000E-02,   -6.2732806963E-03,   -5.9382779585E-06,    7.8542744471E-01,                  NaN
    2.3437500000E-02,   -7.4526057484E-03,   -8.3145702113E-06,    7.8542744471E-01,                  NaN
    2.5390625000E-02,   -8.7343895329E-03,   -1.1330484872E-05,    7.8542744471E-01,                  NaN
    2.7343750000E-02,   -1.0118621439E-02,   -1.5088787899E-05,    7.8542744471E-01,                  NaN
    2.9296875000E-02,   -1.1605629892E-02,   -1.9699863934E-05,    7.8542744471E-01,                  NaN
    3.1250000000E-02,   -1.3195964483E-02,   -2.5281801779E-05,    7.8542744471E-01,                  NaN
    3.3203125000E-02,   -1.4890099298E-02,   -3.1960072229E-05,    7.8542744471E-01,                  NaN
    3.5156250000E-02,   -1.6688366411E-02,   -3.9867313384E-05,    7.8542744471E-01,                  NaN
    3.7109375000E-02,   -1.8591075968E-02,   -4.9143427912E-05,    7.8542744471E-01,                  NaN
    3.9062500000E-02,   -2.0598610065E-02,   -5.9935769858E-05,    7.8542744471E-01,                  NaN
    4.1015625000E-02,   -2.2711405088E-02,   -7.2399169789E-05,    7.8542744471E-01,                  NaN
    4.2968750000E-02,   -2.4929881671E-02,   -8.6695786653E-05,    7.8542744471E-01,                  NaN
    4.4921875000E-02,   -2.7254397888E-02,   -1.0299492507E-04,    7.8542744471E-01,                  NaN
    4.6875000000E-02,   -2.9685242804E-02,   -1.2147290902E-04,    7.8542744471E-01,                  NaN
    4.8828125000E-02,   -3.2222647894E-02,   -1.4231299965E-04,    7.8542744471E-01,                  NaN
    5.0781250000E-02,   -3.4866797987E-02,   -1.6570531813E-04,    7.8542744471E-01,                  NaN
    5.2734375000E-02,   -3.7617841218E-02,   -1.9184677345E-04,    7.8542744471E-01,                  NaN
    5.4687500000E-02,   -4.0475903201E-02,   -2.2094102131E-04,    7.8542744471E-01,                  NaN
    5.6640625000E-02,   -4.3441104759E-02,   -2.5319846460E-04,    7.8542744471E-01,                  NaN
    5.8593750000E-02,   -4.6513577462E-02,   -2.8883627661E-04,    7.8542744471E-01,                  NaN
    6.0546875000E-02,   -4.9693472411E-02,   -3.2807841847E-04,    7.8542744471E-01,                  NaN
    6.2500000000E-02,   -5.2980961553E-02,   -3.7115563133E-04,    7.8542744471E-01,                  NaN
    6.4453125000E-02,   -5.6376233045E-02,   -4.1830539474E-04,    7.8542744471E-01,                  NaN
    6.6406250000E-02,   -5.9879482049E-02,   -4.6977184467E-04,    7.8542744471E-01,                  NaN
    6.8359375000E-02,   -6.3490897666E-02,   -5.2580564295E-04,    7.8542744471E-01,                  NaN
    7.0312500000E-02,   -6.7210646633E-02,   -5.8666379069E-04,    7.8542744471E-01,                  NaN
    7.2265625000E-02,   -7.1038854861E-02,   -6.5260938347E-04,    7.8542744471E-01,                  NaN
    7.4218750000E-02,   -7.4975588213E-02,   -7.2391131138E-04,    7.8542744471E-01,                  NaN
    7.6171875000E-02,   -7.9020833926E-02,   -8.0084391144E-04,    7.8542744471E-01,                  NaN
    7.8125000000E-02,   -8.3174483951E-02,   -8.8368658263E-04,    7.8542744471E-01,                  NaN
    8.0078125000E-02,   -8.7436321393E-02,   -9.7272337702E-04,    7.8542744471E-01,                  NaN
    8.2031250000E-02,   -9.1806011111E-02,   -1.0682425832E-03,    7.8542744471E-01,                  NaN
    8.3984375000E-02,   -9.6283095376E-02,   -1.1705363209E-03,    7.8542744471E-01,                  NaN
    8.5937500000E-02,   -1.0086699517E-01,   -1.2799001649E-03,    7.8542744471E-01,                  NaN
    8.7890625000E-02,   -1.0555701733E-01,   -1.3966328188E-03,    7.8542744471E-01,                  NaN
    8.9843750000E-02,   -1.1035236742E-01,   -1.5210358522E-03,    7.8542744471E-01,                  NaN
    9.1796875000E-02,   -1.1525216769E-01,   -1.6534135161E-03,    7.8542744471E-01,                  NaN
    9.3750000000E-02,   -1.2025547942E-01,   -1.7940726444E-03,    7.8542744471E-01,                  NaN
    9.5703125000E-02,   -1.2536132834E-01,   -1.9433226444E-03,    7.8542744471E-01,                  NaN
    9.7656250000E-02,   -1.3056873186E-01,   -2.1014755744E-03,    7.8542744471E-01,                  NaN
    9.9609375000E-02,   -1.3587672639E-01,   -2.2688462969E-03,    7.8542744471E-01,                  NaN
    1.0156250000E-01,   -1.4128439321E-01,   -2.4457526918E-03,    7.8542744471E-01,                  NaN
    1.0351562500E-01,   -1.4679088107E-01,   -2.6325159044E-03,    7.8542744471E-01,                  NaN
    1.0546875000E-01,   -1.5239542377E-01,   -2.8294605966E-03,    7.8542744471E-01,                  NaN
    1.0742187500E-01,   -1.5809735124E-01,   -3.0369151631E-03,    7.8542744471E-01,                  NaN
    1.0937500000E-01,   -1.6389609262E-01,   -3.2552118710E-03,    7.8542744471E-01,                  NaN
    1.1132812500E-01,   -1.6979117038E-01,   -3.4846868751E-03,    7.8542744471E-01,                  NaN
    1.1328125000E-01,   -1.7578218450E-01,   -3.7256800624E-03,    7.8542744471E-01,                  NaN
    1.1523437500E-01,   -1.8186878669E-01,   -3.9785346803E-03,    7.8542744471E-01,                  NaN
    1.1718750000E-01,   -1.8805064449E-01,   -4.2435967066E-03,    7.8542744471E-01,                  NaN
    1.1914062500E-01,   -1.9432739605E-01,   -4.5212139266E-03,    7.8542744471E-01,                  NaN
    1.2109375000E-01,   -2.0069859659E-01,   -4.8117346927E-03,    7.8542744471E-01,                  NaN
    1.2304687500E-01,   -2.0716365804E-01,   -5.1155063517E-03,    7.8542744471E-01,                  NaN
    1.2500000000E-01,   -2.1372178379E-01,   -5.4328733396E-03,    7.8542744471E-01,                  NaN
    1.2695312500E-01,   -2.2037190064E-01,   -5.7641749583E-03,    7.8542744471E-01,                  NaN
    1.2890625000E-01,   -2.2711259034E-01,   -6.1097428596E-03,    7.8542744471E-01,                  NaN
    1.3085937500E-01,   -2.3394202322E-01,   -6.4698982807E-03,    7.8542744471E-01,                  NaN
    1.3281250000E-01,   -2.4085789625E-01,   -6.8449490834E-03,    7.8542744471E-01,                  NaN
    1.3476562500E-01,   -2.4785737794E-01,   -7.2351866638E-03,    7.8542744471E-01,                  NaN
    1.3671875000E-01,   -2.5493706209E-01,   -7.6408828035E-03,    7.8542744471E-01,                  NaN
    1.3867187500E-01,   -2.6209293219E-01,   -8.0622865444E-03,    7.8542744471E-01,                  NaN
    1.4062500000E-01,   -2.6932033793E-01,   -8.4996211660E-03,    7.8542744471E-01,                  NaN
    1.4257812500E-01,   -2.7661398478E-01,   -8.9530813478E-03,    7.8542744471E-01,                  NaN
    1.4453125000E-01,   -2.8396793714E-01,   -9.4228305927E-03,    7.8542744471E-01,                  NaN
    1.4648437500E-01,   -2.9137563534E-01,   -9.9089989842E-03,    7.8542744471E-01,                  NaN
    1.4843750000E-01,   -2.9882992587E-01,   -1.0411681337E-02,    7.8542744471E-01,                  NaN
    1.5039062500E-01,   -3.0632310438E-01,   -1.0930935790E-02,    7.8542744471E-01,                  NaN
    1.5234375000E-01,   -3.1384697012E-01,   -1.1466782890E-02,    7.8542744471E-01,                  NaN
    1.5429687500E-01,   -3.2139289048E-01,   -1.2019205165E-02,    7.8542744471E-01,                  NaN
    1.5625000000E-01,   -3.2895187386E-01,   -1.2588147232E-02,    7.8542744471E-01,                  NaN
    1.5820312500E-01,   -3.3651464917E-01,   -1.3173516395E-02,    7.8542744471E-01,                  NaN
    1.6015625000E-01,   -3.4407174965E-01,   -1.3775183744E-02,    7.8542744471E-01,                  NaN
    1.6210937500E-01,   -3.5161359932E-01,   -1.4392985705E-02,    7.8542744471E-01,                  NaN
    1.6406250000E-01,   -3.5913059972E-01,   -1.5026726004E-02,    7.8542744471E-01,                  NaN
    1.6601562500E-01,   -3.6661321517E-01,   -1.5676177983E-02,    7.8542744471E-01,                  NaN
    1.6796875000E-01,   -3.7405205463E-01,   -1.6341087213E-02,    7.8542744471E-01,                  NaN
    1.6992187500E-01,   -3.8143794861E-01,   -1.7021174329E-02,    7.8542744471E-01,                  NaN
    1.7187500000E-01,   -3.8876201960E-01,   -1.7716138025E-02,    7.8542744471E-01,                  NaN
    1.7382812500E-01,   -3.9601574493E-01,   -1.8425658123E-02,    7.8542744471E-01,                  NaN
    1.7578125000E-01,   -4.0319101110E-01,   -1.9149398653E-02,    7.8542744471E-01,                  NaN
    1.7773437500E-01,   -4.1028015903E-01,   -1.9887010877E-02,    7.8542744471E-01,                  NaN
    1.7968750000E-01,   -4.1727601979E-01,   -2.0638136194E-02,    7.8542744471E-01,                  NaN
    1.8164062500E-01,   -4.2417194086E-01,   -2.1402408869E-02,    7.8542744471E-01,                  NaN
    1.8359375000E-01,   -4.3096180298E-01,   -2.2179458542E-02,    7.8542744471E-01,                  NaN
    1.8554687500E-01,   -4.3764002808E-01,   -2.2968912485E-02,    7.8542744471E-01,                  NaN
    1.8750000000E-01,   -4.4420157890E-01,   -2.3770397571E-02,    7.8542744471E-01,                  NaN
    1.8945312500E-01,   -4.5064195107E-01,   -2.4583541952E-02,    7.8542744471E-01,                  NaN
    1.9140625000E-01,   -4.5695715846E-01,   -2.5407976432E-02,    7.8542744471E-01,                  NaN
    1.9335937500E-01,   -4.6314371297E-01,   -2.6243335538E-02,    7.8542744471E-01,                  NaN
    1.9531250000E-01,   -4.6919859961E-01,   -2.7089258309E-02,    7.8542744471E-01,                  NaN
    1.9726562500E-01,   -4.7511924802E-01,   -2.7945388816E-02,    7.8542744471E-01,                  NaN
    1.9921875000E-01,   -4.8090350142E-01,   -2.8811376437E-02,    7.8542744471E-01,                  NaN
    2.0117187500E-01,   -4.8654958396E-01,   -2.9686875927E-02,    7.8542744471E-01,                  NaN
    2.0312500000E-01,   -4.9205606734E-01,   -3.0571547302E-02,    7.8542744471E-01,                  NaN
    2.0507812500E-01,   -4.9742183746E-01,   -3.1465055576E-02,    7.8542744471E-01,                  NaN
    2.0703125000E-01,   -5.0264606187E-01,   -3.2367070386E-02,    7.8542744471E-01,                  NaN
    2.0898437500E-01,   -5.0772815845E-01,   -3.3277265536E-02,    7.8542744471E-01,                  NaN
    2.1093750000E-01,   -5.1266776580E-01,   -3.4195318480E-02,    7.8542744471E-01,                  NaN
    2.1289062500E-01,   -5.1746471562E-01,   -3.5120909782E-02,    7.8542744471E-01,                  NaN
    2.1484375000E-01,   -5.2211900731E-01,   -3.6053722559E-02,    7.8542744471E-01,                  NaN
    2.1679687500E-01,   -5.2663078480E-01,   -3.6993441934E-02,    7.8542744471E-01,                  NaN
    2.1875000000E-01,   -5.3100031559E-01,   -3.7939754501E-02,    7.8542744471E-01,                  NaN
    2.2070312500E-01,   -5.3522797206E-01,   -3.8892347811E-02,    7.8542744471E-01,                  NaN
    2.2265625000E-01,   -5.3931421465E-01,   -3.9850909887E-02,    7.8542744471E-01,                  NaN
    2.2460937500E-01,   -5.4325957695E-01,   -4.0815128748E-02,    7.8542744471E-01,                  NaN
    2.2656250000E-01,   -5.4706465234E-01,   -4.1784691958E-02,    7.8542744471E-01,                  NaN
    2.2851562500E-01,   -5.5073008210E-01,   -4.2759286178E-02,    7.8542744471E-01,                  NaN
    2.3046875000E-01,   -5.5425654459E-01,   -4.3738596724E-02,    7.8542744471E-01,                  NaN
    2.3242187500E-01,   -5.5764474547E-01,   -4.4722307111E-02,    7.8542744471E-01,                  NaN
    2.3437500000E-01,   -5.6089540882E-01,   -4.5710098587E-02,    7.8542744471E-01,                  NaN
    2.3632812500E-01,   -5.6400926882E-01,   -4.6701649650E-02,    7.8542744471E-01,                  NaN
    2.3828125000E-01,   -5.6698706225E-01,   -4.7696635537E-02,    7.8542744471E-01,                  NaN
    2.4023437500E-01,   -5.6982952145E-01,   -4.8694727702E-02,    7.8542744471E-01,                  NaN
    2.4218750000E-01,   -5.7253736806E-01,   -4.9695593274E-02,    7.8542744471E-01,                  NaN
    2.4414062500E-01,   -5.7511130740E-01,   -5.0698894510E-02,    7.8542744471E-01,                  NaN
    2.4609375000E-01,   -5.7755202366E-01,   -5.1704288267E-02,    7.8542744471E-01,                  NaN
    2.4804687500E-01,   -5.7986017616E-01,   -5.2711425488E-02,    7.8542744471E-01,                  NaN
    2.5000000000E-01,   -5.8203639667E-01,   -5.3719950759E-02,    7.8542744471E-01,                  NaN
    2.5195312500E-01,   -5.8408128812E-01,   -5.4729501926E-02,    7.8542744471E-01,                  NaN
    2.5390625000E-01,   -5.8599542483E-01,   -5.5739709838E-02,    7.8542744471E-01,                  NaN
    2.5585937500E-01,   -5.8777935453E-01,   -5.6750198223E-02,    7.8542744471E-01,                  NaN
    2.5781250000E-01,   -5.8943360228E-01,   -5.7760583745E-02,    7.8542744471E-01,                  NaN
    2.5976562500E-01,   -5.9095867650E-01,   -5.8770476268E-02,    7.8542744471E-01,                  NaN
    2.6171875000E-01,   -5.9235507722E-01,   -5.9779479375E-02,    7.8542744471E-01,                  NaN
    2.6367187500E-01,   -5.9362330671E-01,   -6.0787191152E-02,    7.8542744471E-01,                  NaN
    2.6562500000E-01,   -5.9476388241E-01,   -6.1793205291E-02,    7.8542744471E-01,                  NaN
    2.6757812500E-01,   -5.9577735228E-01,   -6.2797112517E-02,    7.8542744471E-01,                  NaN
    2.6953125000E-01,   -5.9666431240E-01,   -6.3798502369E-02,    7.8542744471E-01,                  NaN
    2.7148437500E-01,   -5.9742542677E-01,   -6.4796965345E-02,    7.8542744471E-01,                  NaN
    2.7343750000E-01,   -5.9806144902E-01,   -6.5792095416E-02,    7.8542744471E-01,                  NaN
    2.7539062500E-01,   -5.9857324588E-01,   -6.6783492907E-02,    7.8542744471E-01,                  NaN
    2.7734375000E-01,   -5.9896182195E-01,   -6.7770767731E-02,    7.8542744471E-01,                  NaN
    2.7929687500E-01,   -5.9922834555E-01,   -6.8753542958E-02,    7.8542744471E-01,                  NaN
    2.8125000000E-01,   -5.9937417509E-01,   -6.9731458691E-02,    7.8542744471E-01,                  NaN
    2.8320312500E-01,   -5.9940088558E-01,   -7.0704176200E-02,    7.8542744471E-01,                  NaN
    2.8515625000E-01,   -5.9931029476E-01,   -7.1671382283E-02,    7.8542744471E-01,                  NaN
    2.8710937500E-01,   -5.9910448826E-01,   -7.2632793777E-02,    7.8542744471E-01,                  NaN
    2.8906250000E-01,   -5.9878584338E-01,   -7.3588162180E-02,    7.8542744471E-01,                  NaN
    2.9101562500E-01,   -5.9835705088E-01,   -7.4537278294E-02,    7.8542744471E-01,                  NaN
    2.9296875000E-01,   -5.9782113427E-01,   -7.5479976827E-02,    7.8542744471E-01,                  NaN
    2.9492187500E-01,   -5.9718146619E-01,   -7.6416140872E-02,    7.8542744471E-01,                  NaN
    2.9687500000E-01,   -5.9644178135E-01,   -7.7345706196E-02,    7.8542744471E-01,                  NaN
    2.9882812500E-01,   -5.9560618569E-01,   -7.8268665248E-02,    7.8542744471E-01,                  NaN
    3.0078125000E-01,   -5.9467916142E-01,   -7.9185070814E-02,    7.8542744471E-01,                  NaN
    3.0273437500E-01,   -5.9366556775E-01,   -8.0095039256E-02,    7.8542744471E-01,                  NaN
    3.0468750000E-01,   -5.9257063705E-01,   -8.0998753264E-02,    7.8542744471E-01,                  NaN
    3.0664062500E-01,   -5.9139996629E-01,   -8.1896464055E-02,    7.8542744471E-01,                  NaN
    3.0859375000E-01,   -5.9015950405E-01,   -8.2788492986E-02,    7.8542744471E-01,                  NaN
    3.1054687500E-01,   -5.8885553275E-01,   -8.3675232525E-02,    7.8542744471E-01,                  NaN
    3.1250000000E-01,   -5.8749464668E-01,   -8.4557146559E-02,    7.8542744471E-01,                  NaN
    3.1445312500E-01,   -5.8608372578E-01,   -8.5434770024E-02,    7.8542744471E-01,                  NaN
    3.1640625000E-01,   -5.8462990569E-01,   -8.6308707846E-02,    7.8542744471E-01,                  NaN
    3.1835937500E-01,   -5.8314054435E-01,   -8.7179633200E-02,    7.8542744471E-01,                  NaN
    3.2031250000E-01,   -5.8162318569E-01,   -8.8048285111E-02,    7.8542744471E-01,                  NaN
    3.2226562500E-01,   -5.8008552085E-01,   -8.8915465425E-02,    7.8542744471E-01,                  NaN
    3.2421875000E-01,   -5.7853534751E-01,   -8.9782035188E-02,    7.8542744471E-01,                  NaN
    3.2617187500E-01,   -5.7698052793E-01,   -9.0648910487E-02,    7.8542744471E-01,                  NaN
    3.2812500000E-01,   -5.7542894620E-01,   -9.1517057815E-02,    7.8542744471E-01,                  NaN
    3.3007812500E-01,   -5.7388846540E-01,   -9.2387489015E-02,    7.8542744471E-01,                  NaN
    3.3203125000E-01,   -5.7236688516E-01,   -9.3261255899E-02,    7.8542744471E-01,                  NaN
    3.3398437500E-01,   -5.7087190021E-01,   -9.4139444589E-02,    7.8542744471E-01,                  NaN
    3.3593750000E-01,   -5.6941106041E-01,   -9.5023169685E-02,    7.8542744471E-01,                  NaN
    3.3789062500E-01,   -5.6799173288E-01,   -9.5913568318E-02,    7.8542744471E-01,                  NaN
    3.3984375000E-01,   -5.6662106638E-01,   -9.6811794191E-02,    7.8542744471E-01,                  NaN
    3.4179687500E-01,   -5.6530595867E-01,   -9.7719011662E-02,    7.8542744471E-01,                  NaN
    3.4375000000E-01,   -5.6405302688E-01,   -9.8636389959E-02,    7.8542744471E-01,                  NaN
    3.4570312500E-01,   -5.6286858134E-01,   -9.9565097587E-02,    7.8542744471E-01,                  NaN
    3.4765625000E-01,   -5.6175860294E-01,   -1.0050629700E-01,    7.8542744471E-01,                  NaN
    3.4960937500E-01,   -5.6072872423E-01,   -1.0146113957E-01,    7.8542744471E-01,                  NaN
    3.5156250000E-01,   -5.5978421430E-01,   -1.0243076097E-01,    7.8542744471E-01,                  NaN
    3.5351562500E-01,   -5.5892996744E-01,   -1.0341627689E-01,    7.8542744471E-01,                  NaN
    3.5546875000E-01,   -5.5817049559E-01,   -1.0441877923E-01,    7.8542744471E-01,                  NaN
    3.5742187500E-01,   -5.5750992439E-01,   -1.0543933284E-01,    7.8542744471E-01,                  NaN
    3.5937500000E-01,   -5.5695199284E-01,   -1.0647897256E-01,    7.8542744471E-01,                  NaN
    3.6132812500E-01,   -5.5650005615E-01,   -1.0753870096E-01,    7.8542744471E-01,                  NaN
    3.6328125000E-01,   -5.5615709189E-01,   -1.0861948643E-01,    7.8542744471E-01,                  NaN
    3.6523437500E-01,   -5.5592570891E-01,   -1.0972226185E-01,    7.8542744471E-01,                  NaN
    3.6718750000E-01,   -5.5580815892E-01,   -1.1084792371E-01,    7.8542744471E-01,                  NaN
    3.6914062500E-01,   -5.5580635042E-01,   -1.1199733168E-01,    7.8542744471E-01,                  NaN
    3.7109375000E-01,   -5.5592186467E-01,   -1.1317130871E-01,    7.8542744471E-01,                  NaN
    3.7304687500E-01,   -5.5615597346E-01,   -1.1437064145E-01,    7.8542744471E-01,                  NaN
    3.7500000000E-01,   -5.5650965829E-01,   -1.1559608111E-01,    7.8542744471E-01,                  NaN
    3.7695312500E-01,   -5.5698363072E-01,   -1.1684834470E-01,    7.8542744471E-01,                  NaN
    3.7890625000E-01,   -5.5757835361E-01,   -1.1812811651E-01,    7.8542744471E-01,                  NaN
    3.8085937500E-01,   -5.5829406290E-01,   -1.1943604998E-01,    7.8542744471E-01,                  NaN
    3.8281250000E-01,   -5.5913078974E-01,   -1.2077276971E-01,    7.8542744471E-01,                  NaN
    3.8476562500E-01,   -5.6008838256E-01,   -1.2213887368E-01,    7.8542744471E-01,                  NaN
    3.8671875000E-01,   -5.6116652898E-01,   -1.2353493569E-01,    7.8542744471E-01,                  NaN
    3.8867187500E-01,   -5.6236477722E-01,   -1.2496150777E-01,    7.8542744471E-01,                  NaN
    3.9062500000E-01,   -5.6368255678E-01,   -1.2641912277E-01,    7.8542744471E-01,                  NaN
    3.9257812500E-01,   -5.6511919822E-01,   -1.2790829688E-01,    7.8542744471E-01,                  NaN
    3.9453125000E-01,   -5.6667395177E-01,   -1.2942953212E-01,    7.8542744471E-01,                  NaN
    3.9648437500E-01,   -5.6834600464E-01,   -1.3098331871E-01,    7.8542744471E-01,                  NaN
    3.9843750000E-01,   -5.7013449677E-01,   -1.3257013738E-01,    7.8542744471E-01,                  NaN
    4.0039062500E-01,   -5.7203853499E-01,   -1.3419046138E-01,    7.8542744471E-01,                  NaN
    4.0234375000E-01,   -5.7405720529E-01,   -1.3584475834E-01,    7.8542744471E-01,                  NaN
    4.0429687500E-01,   -5.7618958322E-01,   -1.3753349183E-01,    7.8542744471E-01,                  NaN
    4.0625000000E-01,   -5.7843474220E-01,   -1.3925712254E-01,    7.8542744471E-01,                  NaN
    4.0820312500E-01,   -5.8079175975E-01,   -1.4101610921E-01,    7.8542744471E-01,                  NaN
    4.1015625000E-01,   -5.8325972144E-01,   -1.4281090906E-01,    7.8542744471E-01,                  NaN
    4.1210937500E-01,   -5.8583772276E-01,   -1.4464197783E-01,    7.8542744471E-01,                  NaN
    4.1406250000E-01,   -5.8852486852E-01,   -1.4650976939E-01,    7.8542744471E-01,                  NaN
    4.1601562500E-01,   -5.9132027026E-01,   -1.4841473482E-01,    7.8542744471E-01,                  NaN
    4.1796875000E-01,   -5.9422304120E-01,   -1.5035732105E-01,    7.8542744471E-01,                  NaN
    4.1992187500E-01,   -5.9723228922E-01,   -1.5233796893E-01,    7.8542744471E-01,                  NaN
    4.2187500000E-01,   -6.0034710770E-01,   -1.5435711082E-01,    7.8542744471E-01,                  NaN
    4.2382812500E-01,   -6.0356656440E-01,   -1.5641516770E-01,    7.8542744471E-01,                  NaN
    4.2578125000E-01,   -6.0688968857E-01,   -1.5851254571E-01,    7.8542744471E-01,                  NaN
    4.2773437500E-01,   -6.1031545643E-01,   -1.6064963226E-01,    7.8542744471E-01,                  NaN
    4.2968750000E-01,   -6.1384277517E-01,   -1.6282679171E-01,    7.8542744471E-01,                  NaN
    4.3164062500E-01,   -6.1747046581E-01,   -1.6504436052E-01,    7.8542744471E-01,                  NaN
    4.3359375000E-01,   -6.2119724498E-01,   -1.6730264216E-01,    7.8542744471E-01,                  NaN
    4.3554687500E-01,   -6.2502170615E-01,   -1.6960190156E-01,    7.8542744471E-01,                  NaN
    4.3750000000E-01,   -6.2894230026E-01,   -1.7194235939E-01,    7.8542744471E-01,                  NaN
    4.3945312500E-01,   -6.3295731636E-01,   -1.7432418607E-01,    7.8542744471E-01,                  NaN
    4.4140625000E-01,   -6.3706486230E-01,   -1.7674749562E-01,    7.8542744471E-01,                  NaN
    4.4335937500E-01,   -6.4126284605E-01,   -1.7921233952E-01,    7.8542744471E-01,                  NaN
    4.4531250000E-01,   -6.4554895762E-01,   -1.8171870050E-01,    7.8542744471E-01,                  NaN
    4.4726562500E-01,   -6.4992065224E-01,   -1.8426648645E-01,    7.8542744471E-01,                  NaN
    4.4921875000E-01,   -6.5437513475E-01,   -1.8685552452E-01,    7.8542744471E-01,                  NaN
    4.5117187500E-01,   -6.5890934580E-01,   -1.8948555543E-01,    7.8542744471E-01,                  NaN
    4.5312500000E-01,   -6.6351994989E-01,   -1.9215622817E-01,    7.8542744471E-01,                  NaN
    4.5507812500E-01,   -6.6820332555E-01,   -1.9486709508E-01,    7.8542744471E-01,                  NaN
    4.5703125000E-01,   -6.7295555799E-01,   -1.9761760745E-01,    7.8542744471E-01,                  NaN
    4.5898437500E-01,   -6.7777243420E-01,   -2.0040711168E-01,    7.8542744471E-01,                  NaN
    4.6093750000E-01,   -6.8264944082E-01,   -2.0323484609E-01,    7.8542744471E-01,                  NaN
    4.6289062500E-01,   -6.8758176484E-01,   -2.0609993839E-01,    7.8542744471E-01,                  NaN
    4.6484375000E-01,   -6.9256429716E-01,   -2.0900140398E-01,    7.8542744471E-01,                  NaN
    4.6679687500E-01,   -6.9759163910E-01,   -2.1193814495E-01,    7.8542744471E-01,                  NaN
    4.6875000000E-01,   -7.0265811188E-01,   -2.1490895000E-01,    7.8542744471E-01,                  NaN
    4.7070312500E-01,   -7.0775776891E-01,   -2.1791249515E-01,    7.8542744471E-01,                  NaN
    4.7265625000E-01,   -7.1288441099E-01,   -2.2094734532E-01,    7.8542744471E-01,                  NaN
    4.7460937500E-01,   -7.1803160414E-01,   -2.2401195687E-01,    7.8542744471E-01,                  NaN
    4.7656250000E-01,   -7.2319269998E-01,   -2.2710468085E-01,    7.8542744471E-01,                  NaN
    4.7851562500E-01,   -7.2836085842E-01,   -2.3022376724E-01,    7.8542744471E-01,                  NaN
    4.8046875000E-01,   -7.3352907256E-01,   -2.3336736991E-01,    7.8542744471E-01,                  NaN
    4.8242187500E-01,   -7.3869019534E-01,   -2.3653355238E-01,    7.8542744471E-01,                  NaN
    4.8437500000E-01,   -7.4383696792E-01,   -2.3972029431E-01,    7.8542744471E-01,                  NaN
    4.8632812500E-01,   -7.4896204928E-01,   -2.4292549865E-01,    7.8542744471E-01,                  NaN
    4.8828125000E-01,   -7.5405804683E-01,   -2.4614699935E-01,    7.8542744471E-01,                  NaN
    4.9023437500E-01,   -7.5911754779E-01,   -2.4938256966E-01,    7.8542744471E-01,                  NaN
    4.9218750000E-01,   -7.6413315078E-01,   -2.5262993078E-01,    7.8542744471E-01,                  NaN
    4.9414062500E-01,   -7.6909749763E-01,   -2.5588676096E-01,    7.8542744471E-01,                  NaN
    4.9609375000E-01,   -7.7400330477E-01,   -2.5915070478E-01,    7.8542744471E-01,                  NaN
    4.9804687500E-01,   -7.7884339404E-01,   -2.6241938264E-01,    7.8542744471E-01,                  NaN
    5.0000000000E-01,   -7.8361072267E-01,   -2.6569040036E-01,    7.8542744471E-01,                  NaN
    5.0195312500E-01,   -7.8829841202E-01,   -2.6896135871E-01,    7.8542744471E-01,                  NaN
    5.0390625000E-01,   -7.9289977482E-01,   -2.7222986286E-01,    7.8542744471E-01,                  NaN
    5.0585937500E-01,   -7.9740834084E-01,   -2.7549353168E-01,    7.8542744471E-01,                  NaN
    5.0781250000E-01,   -8.0181788047E-01,   -2.7875000668E-01,    7.8542744471E-01,                  NaN
    5.0976562500E-01,   -8.0612242630E-01,   -2.8199696065E-01,    7.8542744471E-01,                  NaN
    5.1171875000E-01,   -8.1031629233E-01,   -2.8523210585E-01,    7.8542744471E-01,                  NaN
    5.1367187500E-01,   -8.1439409078E-01,   -2.8845320170E-01,    7.8542744471E-01,                  NaN
    5.1562500000E-01,   -8.1835074635E-01,   -2.9165806185E-01,    7.8542744471E-01,                  NaN
    5.1757812500E-01,   -8.2218150786E-01,   -2.9484456076E-01,    7.8542744471E-01,                  NaN
    5.1953125000E-01,   -8.2588195727E-01,   -2.9801063941E-01,    7.8542744471E-01,                  NaN
    5.2148437500E-01,   -8.2944801599E-01,   -3.0115431053E-01,    7.8542744471E-01,                  NaN
    5.2343750000E-01,   -8.3287594854E-01,   -3.0427366291E-01,    7.8542744471E-01,                  NaN
    5.2539062500E-01,   -8.3616236367E-01,   -3.0736686506E-01,    7.8542744471E-01,                  NaN
    5.2734375000E-01,   -8.3930421283E-01,   -3.1043216807E-01,    7.8542744471E-01,                  NaN
    5.2929687500E-01,   -8.4229878635E-01,   -3.1346790771E-01,    7.8542744471E-01,                  NaN
    5.3125000000E-01,   -8.4514370728E-01,   -3.1647250579E-01,    7.8542744471E-01,                  NaN
    5.3320312500E-01,   -8.4783692304E-01,   -3.1944447072E-01,    7.8542744471E-01,                  NaN
    5.3515625000E-01,   -8.5037669524E-01,   -3.2238239747E-01,    7.8542744471E-01,                  NaN
    5.3710937500E-01,   -8.5276158763E-01,   -3.2528496674E-01,    7.8542744471E-01,                  NaN
    5.3906250000E-01,   -8.5499045255E-01,   -3.2815094357E-01,    7.8542744471E-01,                  NaN
    5.4101562500E-01,   -8.5706241608E-01,   -3.3097917532E-01,    7.8542744471E-01,                  NaN
    5.4296875000E-01,   -8.5897686204E-01,   -3.3376858919E-01,    7.8542744471E-01,                  NaN
    5.4492187500E-01,   -8.6073341528E-01,   -3.3651818917E-01,    7.8542744471E-01,                  NaN
    5.4687500000E-01,   -8.6233192421E-01,   -3.3922705275E-01,    7.8542744471E-01,                  NaN
    5.4882812500E-01,   -8.6377244318E-01,   -3.4189432715E-01,    7.8542744471E-01,                  NaN
    5.5078125000E-01,   -8.6505521464E-01,   -3.4451922540E-01,    7.8542744471E-01,                  NaN
    5.5273437500E-01,   -8.6618065157E-01,   -3.4710102226E-01,    7.8542744471E-01,                  NaN
    5.5468750000E-01,   -8.6714932025E-01,   -3.4963905005E-01,    7.8542744471E-01,                  NaN
    5.5664062500E-01,   -8.6796192378E-01,   -3.5213269441E-01,    7.8542744471E-01,                  NaN
    5.5859375000E-01,   -8.6861928635E-01,   -3.5458139027E-01,    7.8542744471E-01,                  NaN
    5.6054687500E-01,   -8.6912233874E-01,   -3.5698461789E-01,    7.8542744471E-01,                  NaN
    5.6250000000E-01,   -8.6947210495E-01,   -3.5934189918E-01,    7.8542744471E-01,                  NaN
    5.6445312500E-01,   -8.6966969040E-01,   -3.6165279433E-01,    7.8542744471E-01,                  NaN
    5.6640625000E-01,   -8.6971627168E-01,   -3.6391689884E-01,    7.8542744471E-01,                  NaN
    5.6835937500E-01,   -8.6961308799E-01,   -3.6613384101E-01,    7.8542744471E-01,                  NaN
    5.7031250000E-01,   -8.6936143448E-01,   -3.6830327990E-01,    7.8542744471E-01,                  NaN
    5.7226562500E-01,   -8.6896265742E-01,   -3.7042490392E-01,    7.8542744471E-01,                  NaN
    5.7421875000E-01,   -8.6841815138E-01,   -3.7249842996E-01,    7.8542744471E-01,                  NaN
    5.7617187500E-01,   -8.6772935826E-01,   -3.7452360319E-01,    7.8542744471E-01,                  NaN
    5.7812500000E-01,   -8.6689776836E-01,   -3.7650019754E-01,    7.8542744471E-01,                  NaN
    5.8007812500E-01,   -8.6592492333E-01,   -3.7842801679E-01,    7.8542744471E-01,                  NaN
    5.8203125000E-01,   -8.6481242089E-01,   -3.8030689640E-01,    7.8542744471E-01,                  NaN
    5.8398437500E-01,   -8.6356192131E-01,   -3.8213670600E-01,    7.8542744471E-01,                  NaN
    5.8593750000E-01,   -8.6217515556E-01,   -3.8391735246E-01,    7.8542744471E-01,                  NaN
    5.8789062500E-01,   -8.6065393478E-01,   -3.8564878368E-01,    7.8542744471E-01,                  NaN
    5.8984375000E-01,   -8.5900016114E-01,   -3.8733099287E-01,    7.8542744471E-01,                  NaN
    5.9179687500E-01,   -8.5721583973E-01,   -3.8896402344E-01,    7.8542744471E-01,                  NaN
    5.9375000000E-01,   -8.5530309137E-01,   -3.9054797426E-01,    7.8542744471E-01,                  NaN
    5.9570312500E-01,   -8.5326416596E-01,   -3.9208300544E-01,    7.8542744471E-01,                  NaN
    5.9765625000E-01,   -8.5110145636E-01,   -3.9356934429E-01,    7.8542744471E-01,                  NaN
    5.9960937500E-01,   -8.4881751232E-01,   -3.9500729164E-01,    7.8542744471E-01,                  NaN
    6.0156250000E-01,   -8.4641505442E-01,   -3.9639722823E-01,    7.8542744471E-01,                  NaN
    6.0351562500E-01,   -8.4389698749E-01,   -3.9773962119E-01,    7.8542744471E-01,                  NaN
    6.0546875000E-01,   -8.4126641360E-01,   -3.9903503046E-01,    7.8542744471E-01,                  NaN
    6.0742187500E-01,   -8.3852664409E-01,   -4.0028411507E-01,    7.8542744471E-01,                  NaN
    6.0937500000E-01,   -8.3568121048E-01,   -4.0148763913E-01,    7.8542744471E-01,                  NaN
    6.1132812500E-01,   -8.3273387417E-01,   -4.0264647758E-01,    7.8542744471E-01,                  NaN
    6.1328125000E-01,   -8.2968863449E-01,   -4.0376162134E-01,    7.8542744471E-01,                  NaN
    6.1523437500E-01,   -8.2654973505E-01,   -4.0483418207E-01,    7.8542744471E-01,                  NaN
    6.1718750000E-01,   -8.2332166829E-01,   -4.0586539620E-01,    7.8542744471E-01,                  NaN
    6.1914062500E-01,   -8.2000917783E-01,   -4.0685662829E-01,    7.8542744471E-01,                  NaN
    6.2109375000E-01,   -8.1661725880E-01,   -4.0780937358E-01,    7.8542744471E-01,                  NaN
    6.2304687500E-01,   -8.1315115584E-01,   -4.0872525976E-01,    7.8542744471E-01,                  NaN
    6.2500000000E-01,   -8.0961635882E-01,   -4.0960604770E-01,    7.8542744471E-01,                  NaN
    6.2695312500E-01,   -8.0601859617E-01,   -4.1045363136E-01,    7.8542744471E-01,                  NaN
    6.2890625000E-01,   -8.0236382594E-01,   -4.1127003663E-01,    7.8542744471E-01,                  NaN
    6.3085937500E-01,   -7.9865822446E-01,   -4.1205741919E-01,    7.8542744471E-01,                  NaN
    6.3281250000E-01,   -7.9490817280E-01,   -4.1281806132E-01,    7.8542744471E-01,                  NaN
    6.3476562500E-01,   -7.9112024097E-01,   -4.1355436775E-01,    7.8542744471E-01,                  NaN
    6.3671875000E-01,   -7.8730117017E-01,   -4.1426886042E-01,    7.8542744471E-01,                  NaN
    6.3867187500E-01,   -7.8345785300E-01,   -4.1496417236E-01,    7.8542744471E-01,                  NaN
    6.4062500000E-01,   -7.7959731203E-01,   -4.1564304055E-01,    7.8542744471E-01,                  NaN
    6.4257812500E-01,   -7.7572667672E-01,   -4.1630829791E-01,    7.8542744471E-01,                  NaN
    6.4453125000E-01,   -7.7185315900E-01,   -4.1696286452E-01,    7.8542744471E-01,                  NaN
    6.4648437500E-01,   -7.6798402775E-01,   -4.1760973804E-01,    7.8542744471E-01,                  NaN
    6.4843750000E-01,   -7.6412658232E-01,   -4.1825198345E-01,    7.8542744471E-01,                  NaN
    6.5039062500E-01,   -7.6028812543E-01,   -4.1889272224E-01,    7.8542744471E-01,                  NaN
    6.5234375000E-01,   -7.5647593569E-01,   -4.1953512109E-01,    7.8542744471E-01,                  NaN
    6.5429687500E-01,   -7.5269723991E-01,   -4.2018238021E-01,    7.8542744471E-01,                  NaN
    6.5625000000E-01,   -7.4895918560E-01,   -4.2083772133E-01,    7.8542744471E-01,                  NaN
    6.5820312500E-01,   -7.4526881376E-01,   -4.2150437559E-01,    7.8542744471E-01,                  NaN
    6.6015625000E-01,   -7.4163303234E-01,   -4.2218557134E-01,    7.8542744471E-01,                  NaN
    6.6210937500E-01,   -7.3805859058E-01,   -4.2288452200E-01,    7.8542744471E-01,                  NaN
    6.6406250000E-01,   -7.3455205431E-01,   -4.2360441411E-01,    7.8542744471E-01,                  NaN
    6.6601562500E-01,   -7.3111978269E-01,   -4.2434839560E-01,    7.8542744471E-01,                  NaN
    6.6796875000E-01,   -7.2776790639E-01,   -4.2511956450E-01,    7.8542744471E-01,                  NaN
    6.6992187500E-01,   -7.2450230739E-01,   -4.2592095806E-01,    7.8542744471E-01,                  NaN
    6.7187500000E-01,   -7.2132860069E-01,   -4.2675554253E-01,    7.8542744471E-01,                  NaN
    6.7382812500E-01,   -7.1825211790E-01,   -4.2762620344E-01,    7.8542744471E-01,                  NaN
    6.7578125000E-01,   -7.1527789300E-01,   -4.2853573679E-01,    7.8542744471E-01,                  NaN
    6.7773437500E-01,   -7.1241065013E-01,   -4.2948684090E-01,    7.8542744471E-01,                  NaN
    6.7968750000E-01,   -7.0965479371E-01,   -4.3048210916E-01,    7.8542744471E-01,                  NaN
    6.8164062500E-01,   -7.0701440072E-01,   -4.3152402365E-01,    7.8542744471E-01,                  NaN
    6.8359375000E-01,   -7.0449321524E-01,   -4.3261494971E-01,    7.8542744471E-01,                  NaN
    6.8554687500E-01,   -7.0209464529E-01,   -4.3375713144E-01,    7.8542744471E-01,                  NaN
    6.8750000000E-01,   -6.9982176174E-01,   -4.3495268817E-01,    7.8542744471E-01,                  NaN
    6.8945312500E-01,   -6.9767729941E-01,   -4.3620361183E-01,    7.8542744471E-01,                  NaN
    6.9140625000E-01,   -6.9566366015E-01,   -4.3751176535E-01,    7.8542744471E-01,                  NaN
    6.9335937500E-01,   -6.9378291787E-01,   -4.3887888183E-01,    7.8542744471E-01,                  NaN
    6.9531250000E-01,   -6.9203682522E-01,   -4.4030656470E-01,    7.8542744471E-01,                  NaN
    6.9726562500E-01,   -6.9042682201E-01,   -4.4179628865E-01,    7.8542744471E-01,                  NaN
    6.9921875000E-01,   -6.8895404500E-01,   -4.4334940126E-01,    7.8542744471E-01,                  NaN
    7.0117187500E-01,   -6.8761933891E-01,   -4.4496712537E-01,    7.8542744471E-01,                  NaN
    7.0312500000E-01,   -6.8642326854E-01,   -4.4665056209E-01,    7.8542744471E-01,                  NaN
    7.0507812500E-01,   -6.8536613175E-01,   -4.4840069422E-01,    7.8542744471E-01,                  NaN
    7.0703125000E-01,   -6.8444797300E-01,   -4.5021839016E-01,    7.8542744471E-01,                  NaN
    7.0898437500E-01,   -6.8366859740E-01,   -4.5210440816E-01,    7.8542744471E-01,                  NaN
    7.1093750000E-01,   -6.8302758493E-01,   -4.5405940079E-01,    7.8542744471E-01,                  NaN
    7.1289062500E-01,   -6.8252430467E-01,   -4.5608391946E-01,    7.8542744471E-01,                  NaN
    7.1484375000E-01,   -6.8215792881E-01,   -4.5817841911E-01,    7.8542744471E-01,                  NaN
    7.1679687500E-01,   -6.8192744632E-01,   -4.6034326267E-01,    7.8542744471E-01,                  NaN
    7.1875000000E-01,   -6.8183167595E-01,   -4.6257872544E-01,    7.8542744471E-01,                  NaN
    7.2070312500E-01,   -6.8186927855E-01,   -4.6488499916E-01,    7.8542744471E-01,                  NaN
    7.2265625000E-01,   -6.8203876839E-01,   -4.6726219577E-01,    7.8542744471E-01,                  NaN
    7.2460937500E-01,   -6.8233852353E-01,   -4.6971035062E-01,    7.8542744471E-01,                  NaN
    7.2656250000E-01,   -6.8276679493E-01,   -4.7222942530E-01,    7.8542744471E-01,                  NaN
    7.2851562500E-01,   -6.8332171433E-01,   -4.7481930976E-01,    7.8542744471E-01,                  NaN
    7.3046875000E-01,   -6.8400130077E-01,   -4.7747982392E-01,    7.8542744471E-01,                  NaN
    7.3242187500E-01,   -6.8480346573E-01,   -4.8021071853E-01,    7.8542744471E-01,                  NaN
    7.3437500000E-01,   -6.8572601685E-01,   -4.8301167532E-01,    7.8542744471E-01,                  NaN
    7.3632812500E-01,   -6.8676666019E-01,   -4.8588230647E-01,    7.8542744471E-01,                  NaN
    7.3828125000E-01,   -6.8792300111E-01,   -4.8882215336E-01,    7.8542744471E-01,                  NaN
    7.4023437500E-01,   -6.8919254384E-01,   -4.9183068457E-01,    7.8542744471E-01,                  NaN
    7.4218750000E-01,   -6.9057268967E-01,   -4.9490729317E-01,    7.8542744471E-01,                  NaN
    7.4414062500E-01,   -6.9206073401E-01,   -4.9805129348E-01,    7.8542744471E-01,                  NaN
    7.4609375000E-01,   -6.9365386233E-01,   -5.0126191705E-01,    7.8542744471E-01,                  NaN
    7.4804687500E-01,   -6.9534914520E-01,   -5.0453830821E-01,    7.8542744471E-01,                  NaN
    7.5000000000E-01,   -6.9714353241E-01,   -5.0787951916E-01,    7.8542744471E-01,                  NaN
    7.5195312500E-01,   -6.9903384659E-01,   -5.1128450456E-01,    7.8542744471E-01,                  NaN
    7.5390625000E-01,   -7.0101677627E-01,   -5.1475211599E-01,    7.8542744471E-01,                  NaN
    7.5585937500E-01,   -7.0308886872E-01,   -5.1828109601E-01,    7.8542744471E-01,                  NaN
    7.5781250000E-01,   -7.0524652272E-01,   -5.2187007237E-01,    7.8542744471E-01,                  NaN
    7.5976562500E-01,   -7.0748598139E-01,   -5.2551755207E-01,    7.8542744471E-01,                  NaN
    7.6171875000E-01,   -7.0980332537E-01,   -5.2922191561E-01,    7.8542744471E-01,                  NaN
    7.6367187500E-01,   -7.1219446648E-01,   -5.3298141158E-01,    7.8542744471E-01,                  NaN
    7.6562500000E-01,   -7.1465514209E-01,   -5.3679415148E-01,    7.8542744471E-01,                  NaN
    7.6757812500E-01,   -7.1718091036E-01,   -5.4065810515E-01,    7.8542744471E-01,                  NaN
    7.6953125000E-01,   -7.1976714653E-01,   -5.4457109672E-01,    7.8542744471E-01,                  NaN
    7.7148437500E-01,   -7.2240904045E-01,   -5.4853080136E-01,    7.8542744471E-01,                  NaN
    7.7343750000E-01,   -7.2510159547E-01,   -5.5253474273E-01,    7.8542744471E-01,                  NaN
    7.7539062500E-01,   -7.2783962882E-01,   -5.5658029147E-01,    7.8542744471E-01,                  NaN
    7.7734375000E-01,   -7.3061777348E-01,   -5.6066466448E-01,    7.8542744471E-01,                  NaN
    7.7929687500E-01,   -7.3343048189E-01,   -5.6478492539E-01,    7.8542744471E-01,                  NaN
    7.8125000000E-01,   -7.3627203113E-01,   -5.6893798602E-01,    7.8542744471E-01,                  NaN
    7.8320312500E-01,   -7.3913653017E-01,   -5.7312060906E-01,    7.8542744471E-01,                  NaN
    7.8515625000E-01,   -7.4201792869E-01,   -5.7732941191E-01,    7.8542744471E-01,                  NaN
    7.8710937500E-01,   -7.4491002785E-01,   -5.8156087171E-01,    7.8542744471E-01,                  NaN
    7.8906250000E-01,   -7.4780649283E-01,   -5.8581133158E-01,    7.8542744471E-01,                  NaN
    7.9101562500E-01,   -7.5070086692E-01,   -5.9007700809E-01,    7.8542744471E-01,                  NaN
    7.9296875000E-01,   -7.5358658734E-01,   -5.9435399977E-01,    7.8542744471E-01,                  NaN
    7.9492187500E-01,   -7.5645700246E-01,   -5.9863829679E-01,    7.8542744471E-01,                  NaN
    7.9687500000E-01,   -7.5930539039E-01,   -6.0292579162E-01,    7.8542744471E-01,                  NaN
    7.9882812500E-01,   -7.6212497885E-01,   -6.0721229076E-01,    7.8542744471E-01,                  NaN
    8.0078125000E-01,   -7.6490896610E-01,   -6.1149352728E-01,    7.8542744471E-01,                  NaN
    8.0273437500E-01,   -7.6765054281E-01,   -6.1576517425E-01,    7.8542744471E-01,                  NaN
    8.0468750000E-01,   -7.7034291463E-01,   -6.2002285875E-01,    7.8542744471E-01,                  NaN
    8.0664062500E-01,   -7.7297932530E-01,   -6.2426217650E-01,    7.8542744471E-01,                  NaN
    8.0859375000E-01,   -7.7555308005E-01,   -6.2847870698E-01,    7.8542744471E-01,                  NaN
    8.1054687500E-01,   -7.7805756925E-01,   -6.3266802885E-01,    7.8542744471E-01,                  NaN
    8.1250000000E-01,   -7.8048629185E-01,   -6.3682573567E-01,    7.8542744471E-01,                  NaN
    8.1445312500E-01,   -7.8283287865E-01,   -6.4094745165E-01,    7.8542744471E-01,                  NaN
    8.1640625000E-01,   -7.8509111502E-01,   -6.4502884741E-01,    7.8542744471E-01,                  NaN
    8.1835937500E-01,   -7.8725496287E-01,   -6.4906565552E-01,    7.8542744471E-01,                  NaN
    8.2031250000E-01,   -7.8931858175E-01,   -6.5305368572E-01,    7.8542744471E-01,                  NaN
    8.2226562500E-01,   -7.9127634889E-01,   -6.5698883977E-01,    7.8542744471E-01,                  NaN
    8.2421875000E-01,   -7.9312287804E-01,   -6.6086712567E-01,    7.8542744471E-01,                  NaN
    8.2617187500E-01,   -7.9485303690E-01,   -6.6468467133E-01,    7.8542744471E-01,                  NaN
    8.2812500000E-01,   -7.9646196315E-01,   -6.6843773739E-01,    7.8542744471E-01,                  NaN
    8.3007812500E-01,   -7.9794507870E-01,   -6.7212272930E-01,    7.8542744471E-01,                  NaN
    8.3203125000E-01,   -7.9929810229E-01,   -6.7573620832E-01,    7.8542744471E-01,                  NaN
    8.3398437500E-01,   -8.0051706021E-01,   -6.7927490166E-01,    7.8542744471E-01,                  NaN
    8.3593750000E-01,   -8.0159829514E-01,   -6.8273571139E-01,    7.8542744471E-01,                  NaN
    8.3789062500E-01,   -8.0253847312E-01,   -6.8611572239E-01,    7.8542744471E-01,                  NaN
    8.3984375000E-01,   -8.0333458858E-01,   -6.8941220904E-01,    7.8542744471E-01,                  NaN
    8.4179687500E-01,   -8.0398396757E-01,   -6.9262264088E-01,    7.8542744471E-01,                  NaN
    8.4375000000E-01,   -8.0448426919E-01,   -6.9574468707E-01,    7.8542744471E-01,                  NaN
    8.4570312500E-01,   -8.0483348520E-01,   -6.9877621972E-01,    7.8542744471E-01,                  NaN
    8.4765625000E-01,   -8.0502993802E-01,   -7.0171531618E-01,    7.8542744471E-01,                  NaN
    8.4960937500E-01,   -8.0507227704E-01,   -7.0456026008E-01,    7.8542744471E-01,                  NaN
    8.5156250000E-01,   -8.0495947341E-01,   -7.0730954145E-01,    7.8542744471E-01,                  NaN
    8.5351562500E-01,   -8.0469081339E-01,   -7.0996185581E-01,    7.8542744471E-01,                  NaN
    8.5546875000E-01,   -8.0426589062E-01,   -7.1251610237E-01,    7.8542744471E-01,                  NaN
    8.5742187500E-01,   -8.0368459710E-01,   -7.1497138143E-01,    7.8542744471E-01,                  NaN
    8.5937500000E-01,   -8.0294711343E-01,   -7.1732699102E-01,    7.8542744471E-01,                  NaN
    8.6132812500E-01,   -8.0205389803E-01,   -7.1958242279E-01,    7.8542744471E-01,                  NaN
    8.6328125000E-01,   -8.0100567585E-01,   -7.2173735736E-01,    7.8542744471E-01,                  NaN
    8.6523437500E-01,   -7.9980342672E-01,   -7.2379165911E-01,    7.8542744471E-01,                  NaN
    8.6718750000E-01,   -7.9844837334E-01,   -7.2574537066E-01,    7.8542744471E-01,                  NaN
    8.6914062500E-01,   -7.9694196932E-01,   -7.2759870694E-01,    7.8542744471E-01,                  NaN
    8.7109375000E-01,   -7.9528588706E-01,   -7.2935204916E-01,    7.8542744471E-01,                  NaN
    8.7304687500E-01,   -7.9348200577E-01,   -7.3100593852E-01,    7.8542744471E-01,                  NaN
    8.7500000000E-01,   -7.9153239967E-01,   -7.3256106993E-01,    7.8542744471E-01,                  NaN
    8.7695312500E-01,   -7.8943932661E-01,   -7.3401828582E-01,    7.8542744471E-01,                  NaN
    8.7890625000E-01,   -7.8720521721E-01,   -7.3537857007E-01,    7.8542744471E-01,                  NaN
    8.8085937500E-01,   -7.8483266474E-01,   -7.3664304222E-01,    7.8542744471E-01,                  NaN
    8.8281250000E-01,   -7.8232441564E-01,   -7.3781295193E-01,    7.8542744471E-01,                  NaN
    8.8476562500E-01,   -7.7968336090E-01,   -7.3888967380E-01,    7.8542744471E-01,                  NaN
    8.8671875000E-01,   -7.7691252830E-01,   -7.3987470251E-01,    7.8542744471E-01,                  NaN
    8.8867187500E-01,   -7.7401507554E-01,   -7.4076964831E-01,    7.8542744471E-01,                  NaN
    8.9062500000E-01,   -7.7099428412E-01,   -7.4157623291E-01,    7.8542744471E-01,                  NaN
    8.9257812500E-01,   -7.6785355407E-01,   -7.4229628586E-01,    7.8542744471E-01,                  NaN
    8.9453125000E-01,   -7.6459639965E-01,   -7.4293174137E-01,    7.8542744471E-01,                  NaN
    8.9648437500E-01,   -7.6122644599E-01,   -7.4348463554E-01,    7.8542744471E-01,                  NaN
    8.9843750000E-01,   -7.5774742638E-01,   -7.4395710413E-01,    7.8542744471E-01,                  NaN
    9.0039062500E-01,   -7.5416318030E-01,   -7.4435138065E-01,    7.8542744471E-01,                  NaN
    9.0234375000E-01,   -7.5047765194E-01,   -7.4466979487E-01,    7.8542744471E-01,                  NaN
    9.0429687500E-01,   -7.4669488909E-01,   -7.4491477141E-01,    7.8542744471E-01,                  NaN
    9.0625000000E-01,   -7.4281904230E-01,   -7.4508882859E-01,    7.8542744471E-01,                  NaN
    9.0820312500E-01,   -7.3885436410E-01,   -7.4519457727E-01,    7.8542744471E-01,                  NaN
    9.1015625000E-01,   -7.3480520837E-01,   -7.4523471981E-01,    7.8542744471E-01,                  NaN
    9.1210937500E-01,   -7.3067602962E-01,   -7.4521204901E-01,    7.8542744471E-01,                  NaN
    9.1406250000E-01,   -7.2647138219E-01,   -7.4512944692E-01,    7.8542744471E-01,                  NaN
    9.1601562500E-01,   -7.2219591921E-01,   -7.4498988358E-01,    7.8542744471E-01,                  NaN
    9.1796875000E-01,   -7.1785439118E-01,   -7.4479641544E-01,    7.8542744471E-01,                  NaN
    9.1992187500E-01,   -7.1345164414E-01,   -7.4455218355E-01,    7.8542744471E-01,                  NaN
    9.2187500000E-01,   -7.0899261711E-01,   -7.4426041129E-01,    7.8542744471E-01,                  NaN
    9.2382812500E-01,   -7.0448233903E-01,   -7.4392440174E-01,    7.8542744471E-01,                  NaN
    9.2578125000E-01,   -6.9992592481E-01,   -7.4354753447E-01,    7.8542744471E-01,                  NaN
    9.2773437500E-01,   -6.9532857048E-01,   -7.4313326192E-01,    7.8542744471E-01,                  NaN
    9.2968750000E-01,   -6.9069554773E-01,   -7.4268510540E-01,    7.8542744471E-01,                  NaN
    9.3164062500E-01,   -6.8603219740E-01,   -7.4220665020E-01,    7.8542744471E-01,                  NaN
    9.3359375000E-01,   -6.8134392105E-01,   -7.4170153960E-01,    7.8542744471E-01,                  NaN
    9.3554687500E-01,   -6.7663617237E-01,   -7.4117346860E-01,    7.8542744471E-01,                  NaN
    9.3750000000E-01,   -6.7191444816E-01,   -7.4062617730E-01,    7.8542744471E-01,                  NaN
    9.3945312500E-01,   -6.6718427794E-01,   -7.4006344339E-01,    7.8542744471E-01,                  NaN
    9.4140625000E-01,   -6.6245121205E-01,   -7.3948907393E-01,    7.8542744471E-01,                  NaN
    9.4335937500E-01,   -6.5772080916E-01,   -7.3890689668E-01,    7.8542744471E-01,                  NaN
    9.4531250000E-01,   -6.5299862273E-01,   -7.3832075059E-01,    7.8542744471E-01,                  NaN
    9.4726562500E-01,   -6.4829018689E-01,   -7.3773447560E-01,    7.8542744471E-01,                  NaN
    9.4921875000E-01,   -6.4360100174E-01,   -7.3715190233E-01,    7.8542744471E-01,                  NaN
    9.5117187500E-01,   -6.3893651811E-01,   -7.3657684133E-01,    7.8542744471E-01,                  NaN
    9.5312500000E-01,   -6.3430212213E-01,   -7.3601307186E-01,    7.8542744471E-01,                  NaN
    9.5507812500E-01,   -6.2970311945E-01,   -7.3546433037E-01,    7.8542744471E-01,                  NaN
    9.5703125000E-01,   -6.2514471958E-01,   -7.3493429884E-01,    7.8542744471E-01,                  NaN
    9.5898437500E-01,   -6.2063202018E-01,   -7.3442659290E-01,    7.8542744471E-01,                  NaN
    9.6093750000E-01,   -6.1616999149E-01,   -7.3394475004E-01,    7.8542744471E-01,                  NaN
    9.6289062500E-01,   -6.1176346103E-01,   -7.3349221770E-01,    7.8542744471E-01,                  NaN
    9.6484375000E-01,   -6.0741709882E-01,   -7.3307234199E-01,    7.8542744471E-01,                  NaN
    9.6679687500E-01,   -6.0313540303E-01,   -7.3268835654E-01,    7.8542744471E-01,                  NaN
    9.6875000000E-01,   -5.9892268625E-01,   -7.3234337179E-01,    7.8542744471E-01,                  NaN
    9.7070312500E-01,   -5.9478306242E-01,   -7.3204036473E-01,    7.8542744471E-01,                  NaN
    9.7265625000E-01,   -5.9072043486E-01,   -7.3178216939E-01,    7.8542744471E-01,                  NaN
    9.7460937500E-01,   -5.8673848530E-01,   -7.3157146789E-01,    7.8542744471E-01,                  NaN
    9.7656250000E-01,   -5.8284066377E-01,   -7.3141078229E-01,    7.8542744471E-01,                  NaN
    9.7851562500E-01,   -5.7903017969E-01,   -7.3130246729E-01,    7.8542744471E-01,                  NaN
    9.8046875000E-01,   -5.7530999416E-01,   -7.3124870380E-01,    7.8542744471E-01,                  NaN
    9.8242187500E-01,   -5.7168281359E-01,   -7.3125149344E-01,    7.8542744471E-01,                  NaN
    9.8437500000E-01,   -5.6815108450E-01,   -7.3131265387E-01,    7.8542744471E-01,                  NaN
    9.8632812500E-01,   -5.6471698932E-01,   -7.3143381485E-01,    7.8542744471E-01,                  NaN
    9.8828125000E-01,   -5.6138244537E-01,   -7.3161641598E-01,    7.8542744471E-01,                  NaN
    9.9023437500E-01,   -5.5814910374E-01,   -7.3186170499E-01,    7.8542744471E-01,                  NaN
    9.9218750000E-01,   -5.5501834635E-01,   -7.3217073591E-01,    7.8542744471E-01,                  NaN
    9.9414062500E-01,   -5.5199128629E-01,   -7.3254436902E-01,    7.8542744471E-01,                  NaN
    9.9609375000E-01,   -5.4906877285E-01,   -7.3298327324E-01,    7.8542744471E-01,                  NaN
    9.9804687500E-01,   -5.4625139661E-01,   -7.3348792879E-01,    7.8542744471E-01,                  NaN
    1.0000000000E+00,   -5.4353949322E-01,   -7.3405862961E-01,    7.8542744471E-01,                  NaN
                 NaN,   -5.9051478107E-01,   -3.0676658277E-01,    7.8542744471E-01,                  NaN
