                Time,             Y-Force,      Work integrand,                Mass,           Mass error
    0.0000000000E+00,   -4.7950682731E-06,    0.0000000000E+00,    7.8540028040E-01,                  NaN
    1.9531250000E-03,   -6.0040983512E-05,   -7.0750179346E-10,    7.8540028040E-01,                  NaN
    3.9062500000E-03,   -2.2287645056E-04,   -8.8423135485E-09,    7.8540028040E-01,                  NaN
    5.8593750000E-03,   -4.8381631566E-04,   -3.9730755951E-08,    7.8540028040E-01,                  NaN
    7.8125000000E-03,   -8.4580139013E-04,   -1.1757409801E-07,    7.8540028040E-01,                  NaN
    9.7656250000E-03,   -1.3081964541E-03,   -2.7456193337E-07,    7.8540028040E-01,                  NaN
    1.1718750000E-02,   -1.8710152568E-03,   -5.5085112220E-07,    7.8540028040E-01,                  NaN
    1.3671875000E-02,   -2.5343966472E-03,   -9.9453687813E-07,    7.8540028040E-01,                  NaN
    1.5625000000E-02,   -3.2979271829E-03,   -1.6613113402E-06,    7.8540028040E-01,                  NaN
    1.7578125000E-02,   -4.1603419385E-03,   -2.6139864264E-06,    7.8540028040E-01,                  NaN
    1.9531250000E-02,   -5.1214440514E-03,   -3.9229975575E-06,    7.8540028040E-01,                  NaN
    2.1484375000E-02,   -6.1845019875E-03,   -5.6683740555E-06,    7.8540028040E-01,                  NaN
    2.3437500000E-02,   -7.3538150416E-03,   -7.9396921332E-06,    7.8540028040E-01,                  NaN
    2.5390625000E-02,   -8.6279751433E-03,   -1.0830623659E-05,    7.8540028040E-01,                  NaN
    2.7343750000E-02,   -1.0000285283E-02,   -1.4436167433E-05,    7.8540028040E-01,                  NaN
    2.9296875000E-02,   -1.1470181380E-02,   -1.8863753136E-05,    7.8540028040E-01,                  NaN
    3.1250000000E-02,   -1.3048761151E-02,   -2.4245598616E-05,    7.8540028040E-01,                  NaN
    3.3203125000E-02,   -1.4746182296E-02,   -3.0726195671E-05,    7.8540028040E-01,                  NaN
    3.5156250000E-02,   -1.6557719813E-02,   -3.8433976194E-05,    7.8540028040E-01,                  NaN
    3.7109375000E-02,   -1.8469761592E-02,   -4.7479572058E-05,    7.8540028040E-01,                  NaN
    3.9062500000E-02,   -2.0477128347E-02,   -5.7989639174E-05,    7.8540028040E-01,                  NaN
    4.1015625000E-02,   -2.2587338829E-02,   -7.0131216060E-05,    7.8540028040E-01,                  NaN
    4.2968750000E-02,   -2.4808467626E-02,   -8.4093954767E-05,    7.8540028040E-01,                  NaN
    4.4921875000E-02,   -2.7139210827E-02,   -1.0005637427E-04,    7.8540028040E-01,                  NaN
    4.6875000000E-02,   -2.9572724549E-02,   -1.1817913668E-04,    7.8540028040E-01,                  NaN
    4.8828125000E-02,   -3.2106360913E-02,   -1.3862774742E-04,    7.8540028040E-01,                  NaN
    5.0781250000E-02,   -3.4744892811E-02,   -1.6159286349E-04,    7.8540028040E-01,                  NaN
    5.2734375000E-02,   -3.7495368668E-02,   -1.8728703320E-04,    7.8540028040E-01,                  NaN
    5.4687500000E-02,   -4.0360657431E-02,   -2.1592665342E-04,    7.8540028040E-01,                  NaN
    5.6640625000E-02,   -4.3337812490E-02,   -2.4772003566E-04,    7.8540028040E-01,                  NaN
    5.8593750000E-02,   -4.6421345409E-02,   -2.8287125511E-04,    7.8540028040E-01,                  NaN
    6.0546875000E-02,   -4.9607536545E-02,   -3.2159294478E-04,    7.8540028040E-01,                  NaN
    6.2500000000E-02,   -5.2896387302E-02,   -3.6411530419E-04,    7.8540028040E-01,                  NaN
    6.4453125000E-02,   -5.6290672405E-02,   -4.1068500070E-04,    7.8540028040E-01,                  NaN
    6.6406250000E-02,   -5.9793728231E-02,   -4.6155732917E-04,    7.8540028040E-01,                  NaN
    6.8359375000E-02,   -6.3407759982E-02,   -5.1698891544E-04,    7.8540028040E-01,                  NaN
    7.0312500000E-02,   -6.7133321787E-02,   -5.7723519685E-04,    7.8540028040E-01,                  NaN
    7.2265625000E-02,   -7.0969640139E-02,   -6.4255210695E-04,    7.8540028040E-01,                  NaN
    7.4218750000E-02,   -7.4915232636E-02,   -7.1319937364E-04,    7.8540028040E-01,                  NaN
    7.6171875000E-02,   -7.8968504059E-02,   -7.8944358011E-04,    7.8540028040E-01,                  NaN
    7.8125000000E-02,   -8.3128200732E-02,   -8.7156025403E-04,    7.8540028040E-01,                  NaN
    8.0078125000E-02,   -8.7393654169E-02,   -9.5983457356E-04,    7.8540028040E-01,                  NaN
    8.2031250000E-02,   -9.1764776303E-02,   -1.0545604004E-03,    7.8540028040E-01,                  NaN
    8.3984375000E-02,   -9.6241852683E-02,   -1.1560379108E-03,    7.8540028040E-01,                  NaN
    8.5937500000E-02,   -1.0082525552E-01,   -1.2645707683E-03,    7.8540028040E-01,                  NaN
    8.7890625000E-02,   -1.0551519809E-01,   -1.3804639104E-03,    7.8540028040E-01,                  NaN
    8.9843750000E-02,   -1.1031159312E-01,   -1.5040225289E-03,    7.8540028040E-01,                  NaN
    9.1796875000E-02,   -1.1521402069E-01,   -1.6355522315E-03,    7.8540028040E-01,                  NaN
    9.3750000000E-02,   -1.2022178386E-01,   -1.7753600557E-03,    7.8540028040E-01,                  NaN
    9.5703125000E-02,   -1.2533401674E-01,   -1.9237558894E-03,    7.8540028040E-01,                  NaN
    9.7656250000E-02,   -1.3054979486E-01,   -2.0810537349E-03,    7.8540028040E-01,                  NaN
    9.9609375000E-02,   -1.3586819619E-01,   -2.2475721939E-03,    7.8540028040E-01,                  NaN
    1.0156250000E-01,   -1.4128828956E-01,   -2.4236338134E-03,    7.8540028040E-01,                  NaN
    1.0351562500E-01,   -1.4680907509E-01,   -2.6095635247E-03,    7.8540028040E-01,                  NaN
    1.0546875000E-01,   -1.5242943349E-01,   -2.8056869636E-03,    7.8540028040E-01,                  NaN
    1.0742187500E-01,   -1.5814813085E-01,   -3.0123295142E-03,    7.8540028040E-01,                  NaN
    1.0937500000E-01,   -1.6396387987E-01,   -3.2298163833E-03,    7.8540028040E-01,                  NaN
    1.1132812500E-01,   -1.6987541384E-01,   -3.4584732631E-03,    7.8540028040E-01,                  NaN
    1.1328125000E-01,   -1.7588151810E-01,   -3.6986267031E-03,    7.8540028040E-01,                  NaN
    1.1523437500E-01,   -1.8198099012E-01,   -3.9506034855E-03,    7.8540028040E-01,                  NaN
    1.1718750000E-01,   -1.8817254375E-01,   -4.2147289171E-03,    7.8540028040E-01,                  NaN
    1.1914062500E-01,   -1.9445470340E-01,   -4.4913245797E-03,    7.8540028040E-01,                  NaN
    1.2109375000E-01,   -2.0082573655E-01,   -4.7807063613E-03,    7.8540028040E-01,                  NaN
    1.2304687500E-01,   -2.0728365018E-01,   -5.0831834284E-03,    7.8540028040E-01,                  NaN
    1.2500000000E-01,   -2.1382624683E-01,   -5.3990583633E-03,    7.8540028040E-01,                  NaN
    1.2695312500E-01,   -2.2045121352E-01,   -5.7286282158E-03,    7.8540028040E-01,                  NaN
    1.2890625000E-01,   -2.2715620822E-01,   -6.0721858864E-03,    7.8540028040E-01,                  NaN
    1.3085937500E-01,   -2.3393891433E-01,   -6.4300211450E-03,    7.8540028040E-01,                  NaN
    1.3281250000E-01,   -2.4079704682E-01,   -6.8024207126E-03,    7.8540028040E-01,                  NaN
    1.3476562500E-01,   -2.4772830995E-01,   -7.1896671225E-03,    7.8540028040E-01,                  NaN
    1.3671875000E-01,   -2.5473031911E-01,   -7.5920364298E-03,    7.8540028040E-01,                  NaN
    1.3867187500E-01,   -2.6180050599E-01,   -8.0097951187E-03,    7.8540028040E-01,                  NaN
    1.4062500000E-01,   -2.6893602718E-01,   -8.4431967082E-03,    7.8540028040E-01,                  NaN
    1.4257812500E-01,   -2.7613369299E-01,   -8.8924785646E-03,    7.8540028040E-01,                  NaN
    1.4453125000E-01,   -2.8338992848E-01,   -9.3578593469E-03,    7.8540028040E-01,                  NaN
    1.4648437500E-01,   -2.9070077318E-01,   -9.8395373813E-03,    7.8540028040E-01,                  NaN
    1.4843750000E-01,   -2.9806192005E-01,   -1.0337690107E-02,    7.8540028040E-01,                  NaN
    1.5039062500E-01,   -3.0546878951E-01,   -1.0852474600E-02,    7.8540028040E-01,                  NaN
    1.5234375000E-01,   -3.1291662944E-01,   -1.1384029059E-02,    7.8540028040E-01,                  NaN
    1.5429687500E-01,   -3.2040062814E-01,   -1.1932474996E-02,    7.8540028040E-01,                  NaN
    1.5625000000E-01,   -3.2791602027E-01,   -1.2497919667E-02,    7.8540028040E-01,                  NaN
    1.5820312500E-01,   -3.3545815632E-01,   -1.3080457876E-02,    7.8540028040E-01,                  NaN
    1.6015625000E-01,   -3.4302249585E-01,   -1.3680171780E-02,    7.8540028040E-01,                  NaN
    1.6210937500E-01,   -3.5060447949E-01,   -1.4297126849E-02,    7.8540028040E-01,                  NaN
    1.6406250000E-01,   -3.5819924373E-01,   -1.4931362048E-02,    7.8540028040E-01,                  NaN
    1.6601562500E-01,   -3.6580116972E-01,   -1.5582872930E-02,    7.8540028040E-01,                  NaN
    1.6796875000E-01,   -3.7340330116E-01,   -1.6251587757E-02,    7.8540028040E-01,                  NaN
    1.6992187500E-01,   -3.8099671633E-01,   -1.6937338783E-02,    7.8540028040E-01,                  NaN
    1.7187500000E-01,   -3.8856997978E-01,   -1.7639833011E-02,    7.8540028040E-01,                  NaN
    1.7382812500E-01,   -3.9610881476E-01,   -1.8358628255E-02,    7.8540028040E-01,                  NaN
    1.7578125000E-01,   -4.0359611936E-01,   -1.9093120777E-02,    7.8540028040E-01,                  NaN
    1.7773437500E-01,   -4.1101239779E-01,   -1.9842549597E-02,    7.8540028040E-01,                  NaN
    1.7968750000E-01,   -4.1833660437E-01,   -2.0606020138E-02,    7.8540028040E-01,                  NaN
    1.8164062500E-01,   -4.2554731693E-01,   -2.1382546388E-02,    7.8540028040E-01,                  NaN
    1.8359375000E-01,   -4.3262408820E-01,   -2.2171107146E-02,    7.8540028040E-01,                  NaN
    1.8554687500E-01,   -4.3954878271E-01,   -2.2970708945E-02,    7.8540028040E-01,                  NaN
    1.8750000000E-01,   -4.4630670187E-01,   -2.3780446523E-02,    7.8540028040E-01,                  NaN
    1.8945312500E-01,   -4.5288733385E-01,   -2.4599551840E-02,    7.8540028040E-01,                  NaN
    1.9140625000E-01,   -4.5928463010E-01,   -2.5427424554E-02,    7.8540028040E-01,                  NaN
    1.9335937500E-01,   -4.6549679493E-01,   -2.6263640349E-02,    7.8540028040E-01,                  NaN
    1.9531250000E-01,   -4.7152565965E-01,   -2.7107937686E-02,    7.8540028040E-01,                  NaN
    1.9726562500E-01,   -4.7737578029E-01,   -2.7960187585E-02,    7.8540028040E-01,                  NaN
    1.9921875000E-01,   -4.8305343124E-01,   -2.8820353750E-02,    7.8540028040E-01,                  NaN
    2.0117187500E-01,   -4.8856566022E-01,   -2.9688451191E-02,    7.8540028040E-01,                  NaN
    2.0312500000E-01,   -4.9391952689E-01,   -3.0564510232E-02,    7.8540028040E-01,                  NaN
    2.0507812500E-01,   -4.9912158280E-01,   -3.1448550006E-02,    7.8540028040E-01,                  NaN
    2.0703125000E-01,   -5.0417758612E-01,   -3.2340562247E-02,    7.8540028040E-01,                  NaN
    2.0898437500E-01,   -5.0909239743E-01,   -3.3240503455E-02,    7.8540028040E-01,                  NaN
    2.1093750000E-01,   -5.1386998550E-01,   -3.4148292199E-02,    7.8540028040E-01,                  NaN
    2.1289062500E-01,   -5.1851348098E-01,   -3.5063808535E-02,    7.8540028040E-01,                  NaN
    2.1484375000E-01,   -5.2302524210E-01,   -3.5986893811E-02,    7.8540028040E-01,                  NaN
    2.1679687500E-01,   -5.2740692389E-01,   -3.6917350735E-02,    7.8540028040E-01,                  NaN
    2.1875000000E-01,   -5.3165955988E-01,   -3.7854944626E-02,    7.8540028040E-01,                  NaN
    2.2070312500E-01,   -5.3578366729E-01,   -3.8799406901E-02,    7.8540028040E-01,                  NaN
    2.2265625000E-01,   -5.3977937663E-01,   -3.9750441093E-02,    7.8540028040E-01,                  NaN
    2.2460937500E-01,   -5.4364657309E-01,   -4.0707730622E-02,    7.8540028040E-01,                  NaN
    2.2656250000E-01,   -5.4738502723E-01,   -4.1670946635E-02,    7.8540028040E-01,                  NaN
    2.2851562500E-01,   -5.5099449287E-01,   -4.2639754070E-02,    7.8540028040E-01,                  NaN
    2.3046875000E-01,   -5.5447475944E-01,   -4.3613814606E-02,    7.8540028040E-01,                  NaN
    2.3242187500E-01,   -5.5782565986E-01,   -4.4592786284E-02,    7.8540028040E-01,                  NaN
    2.3437500000E-01,   -5.6104704805E-01,   -4.5576320678E-02,    7.8540028040E-01,                  NaN
    2.3632812500E-01,   -5.6413876675E-01,   -4.6564059239E-02,    7.8540028040E-01,                  NaN
    2.3828125000E-01,   -5.6710062524E-01,   -4.7555630599E-02,    7.8540028040E-01,                  NaN
    2.4023437500E-01,   -5.6993239919E-01,   -4.8550650120E-02,    7.8540028040E-01,                  NaN
    2.4218750000E-01,   -5.7263385448E-01,   -4.9548722133E-02,    7.8540028040E-01,                  NaN
    2.4414062500E-01,   -5.7520478797E-01,   -5.0549444385E-02,    7.8540028040E-01,                  NaN
    2.4609375000E-01,   -5.7764507290E-01,   -5.1552413580E-02,    7.8540028040E-01,                  NaN
    2.4804687500E-01,   -5.7995469624E-01,   -5.2557230594E-02,    7.8540028040E-01,                  NaN
    2.5000000000E-01,   -5.8213377933E-01,   -5.3563504173E-02,    7.8540028040E-01,                  NaN
    2.5195312500E-01,   -5.8418257850E-01,   -5.4570852375E-02,    7.8540028040E-01,                  NaN
    2.5390625000E-01,   -5.8610146853E-01,   -5.5578901684E-02,    7.8540028040E-01,                  NaN
    2.5585937500E-01,   -5.8789091581E-01,   -5.6587284274E-02,    7.8540028040E-01,                  NaN
    2.5781250000E-01,   -5.8955144968E-01,   -5.7595634328E-02,    7.8540028040E-01,                  NaN
    2.5976562500E-01,   -5.9108364014E-01,   -5.8603584435E-02,    7.8540028040E-01,                  NaN
    2.6171875000E-01,   -5.9248808722E-01,   -5.9610763003E-02,    7.8540028040E-01,                  NaN
    2.6367187500E-01,   -5.9376542453E-01,   -6.0616793336E-02,    7.8540028040E-01,                  NaN
    2.6562500000E-01,   -5.9491633586E-01,   -6.1621294610E-02,    7.8540028040E-01,                  NaN
    2.6757812500E-01,   -5.9594158126E-01,   -6.2623884611E-02,    7.8540028040E-01,                  NaN
    2.6953125000E-01,   -5.9684202724E-01,   -6.3624183748E-02,    7.8540028040E-01,                  NaN
    2.7148437500E-01,   -5.9761867563E-01,   -6.4621819656E-02,    7.8540028040E-01,                  NaN
    2.7343750000E-01,   -5.9827268615E-01,   -6.5616431675E-02,    7.8540028040E-01,                  NaN
    2.7539062500E-01,   -5.9880538979E-01,   -6.6607674591E-02,    7.8540028040E-01,                  NaN
    2.7734375000E-01,   -5.9921829215E-01,   -6.7595221284E-02,    7.8540028040E-01,                  NaN
    2.7929687500E-01,   -5.9951306825E-01,   -6.8578764174E-02,    7.8540028040E-01,                  NaN
    2.8125000000E-01,   -5.9969155222E-01,   -6.9558015706E-02,    7.8540028040E-01,                  NaN
    2.8320312500E-01,   -5.9975572612E-01,   -7.0532708245E-02,    7.8540028040E-01,                  NaN
    2.8515625000E-01,   -5.9970771190E-01,   -7.1502593893E-02,    7.8540028040E-01,                  NaN
    2.8710937500E-01,   -5.9954976930E-01,   -7.2467444646E-02,    7.8540028040E-01,                  NaN
    2.8906250000E-01,   -5.9928430066E-01,   -7.3427053146E-02,    7.8540028040E-01,                  NaN
    2.9101562500E-01,   -5.9891386124E-01,   -7.4381234063E-02,    7.8540028040E-01,                  NaN
    2.9296875000E-01,   -5.9844117221E-01,   -7.5329825912E-02,    7.8540028040E-01,                  NaN
    2.9492187500E-01,   -5.9786913256E-01,   -7.6272692978E-02,    7.8540028040E-01,                  NaN
    2.9687500000E-01,   -5.9720082649E-01,   -7.7209727001E-02,    7.8540028040E-01,                  NaN
    2.9882812500E-01,   -5.9643952426E-01,   -7.8140848388E-02,    7.8540028040E-01,                  NaN
    3.0078125000E-01,   -5.9558867690E-01,   -7.9066006943E-02,    7.8540028040E-01,                  NaN
    3.0273437500E-01,   -5.9465190690E-01,   -7.9985182360E-02,    7.8540028040E-01,                  NaN
    3.0468750000E-01,   -5.9363299946E-01,   -8.0898384944E-02,    7.8540028040E-01,                  NaN
    3.0664062500E-01,   -5.9253589911E-01,   -8.1805657166E-02,    7.8540028040E-01,                  NaN
    3.0859375000E-01,   -5.9136471614E-01,   -8.2707076576E-02,    7.8540028040E-01,                  NaN
    3.1054687500E-01,   -5.9012374507E-01,   -8.3602760390E-02,    7.8540028040E-01,                  NaN
    3.1250000000E-01,   -5.8881749454E-01,   -8.4492871718E-02,    7.8540028040E-01,                  NaN
    3.1445312500E-01,   -5.8745072470E-01,   -8.5377626939E-02,    7.8540028040E-01,                  NaN
    3.1640625000E-01,   -5.8602848522E-01,   -8.6257303354E-02,    7.8540028040E-01,                  NaN
    3.1835937500E-01,   -5.8455614574E-01,   -8.7132246002E-02,    7.8540028040E-01,                  NaN
    3.2031250000E-01,   -5.8303941085E-01,   -8.8002872471E-02,    7.8540028040E-01,                  NaN
    3.2226562500E-01,   -5.8148431382E-01,   -8.8869674797E-02,    7.8540028040E-01,                  NaN
    3.2421875000E-01,   -5.7989718731E-01,   -8.9733218027E-02,    7.8540028040E-01,                  NaN
    3.2617187500E-01,   -5.7828461406E-01,   -9.0594135672E-02,    7.8540028040E-01,                  NaN
    3.2812500000E-01,   -5.7665336557E-01,   -9.1453123038E-02,    7.8540028040E-01,                  NaN
    3.3007812500E-01,   -5.7501034072E-01,   -9.2310930082E-02,    7.8540028040E-01,                  NaN
    3.3203125000E-01,   -5.7336251880E-01,   -9.3168355941E-02,    7.8540028040E-01,                  NaN
    3.3398437500E-01,   -5.7171694129E-01,   -9.4026247445E-02,    7.8540028040E-01,                  NaN
    3.3593750000E-01,   -5.7008073434E-01,   -9.4885503751E-02,    7.8540028040E-01,                  NaN
    3.3789062500E-01,   -5.6846117896E-01,   -9.5747088651E-02,    7.8540028040E-01,                  NaN
    3.3984375000E-01,   -5.6686582898E-01,   -9.6612051083E-02,    7.8540028040E-01,                  NaN
    3.4179687500E-01,   -5.6530266818E-01,   -9.7481553136E-02,    7.8540028040E-01,                  NaN
    3.4375000000E-01,   -5.6378028970E-01,   -9.8356903318E-02,    7.8540028040E-01,                  NaN
    3.4570312500E-01,   -5.6230807232E-01,   -9.9239591374E-02,    7.8540028040E-01,                  NaN
    3.4765625000E-01,   -5.6089632274E-01,   -1.0013131969E-01,    7.8540028040E-01,                  NaN
    3.4960937500E-01,   -5.5955634997E-01,   -1.0103402542E-01,    7.8540028040E-01,                  NaN
    3.5156250000E-01,   -5.5830044050E-01,   -1.0194988749E-01,    7.8540028040E-01,                  NaN
    3.5351562500E-01,   -5.5714170913E-01,   -1.0288131312E-01,    7.8540028040E-01,                  NaN
    3.5546875000E-01,   -5.5609381307E-01,   -1.0383090033E-01,    7.8540028040E-01,                  NaN
    3.5742187500E-01,   -5.5517053253E-01,   -1.0480137539E-01,    7.8540028040E-01,                  NaN
    3.5937500000E-01,   -5.5438523926E-01,   -1.0579550704E-01,    7.8540028040E-01,                  NaN
    3.6132812500E-01,   -5.5375029264E-01,   -1.0681600281E-01,    7.8540028040E-01,                  NaN
    3.6328125000E-01,   -5.5327641730E-01,   -1.0786539564E-01,    7.8540028040E-01,                  NaN
    3.6523437500E-01,   -5.5297212493E-01,   -1.0894593125E-01,    7.8540028040E-01,                  NaN
    3.6718750000E-01,   -5.5284324370E-01,   -1.1005946749E-01,    7.8540028040E-01,                  NaN
    3.6914062500E-01,   -5.5289261034E-01,   -1.1120739667E-01,    7.8540028040E-01,                  NaN
    3.7109375000E-01,   -5.5311996409E-01,   -1.1239059943E-01,    7.8540028040E-01,                  NaN
    3.7304687500E-01,   -5.5352205902E-01,   -1.1360943569E-01,    7.8540028040E-01,                  NaN
    3.7500000000E-01,   -5.5409298668E-01,   -1.1486377387E-01,    7.8540028040E-01,                  NaN
    3.7695312500E-01,   -5.5482467692E-01,   -1.1615305536E-01,    7.8540028040E-01,                  NaN
    3.7890625000E-01,   -5.5570752565E-01,   -1.1747638732E-01,    7.8540028040E-01,                  NaN
    3.8085937500E-01,   -5.5673108609E-01,   -1.1883265402E-01,    7.8540028040E-01,                  NaN
    3.8281250000E-01,   -5.5788475734E-01,   -1.2022063541E-01,    7.8540028040E-01,                  NaN
    3.8476562500E-01,   -5.5915840936E-01,   -1.2163912187E-01,    7.8540028040E-01,                  NaN
    3.8671875000E-01,   -5.6054289623E-01,   -1.2308701527E-01,    7.8540028040E-01,                  NaN
    3.8867187500E-01,   -5.6203042674E-01,   -1.2456340918E-01,    7.8540028040E-01,                  NaN
    3.9062500000E-01,   -5.6361478037E-01,   -1.2606764387E-01,    7.8540028040E-01,                  NaN
    3.9257812500E-01,   -5.6529137404E-01,   -1.2759933519E-01,    7.8540028040E-01,                  NaN
    3.9453125000E-01,   -5.6705719947E-01,   -1.2915837902E-01,    7.8540028040E-01,                  NaN
    3.9648437500E-01,   -5.6891066035E-01,   -1.3074493502E-01,    7.8540028040E-01,                  NaN
    3.9843750000E-01,   -5.7085134275E-01,   -1.3235939500E-01,    7.8540028040E-01,                  NaN
    4.0039062500E-01,   -5.7287975188E-01,   -1.3400234145E-01,    7.8540028040E-01,                  NaN
    4.0234375000E-01,   -5.7499704463E-01,   -1.3567450168E-01,    7.8540028040E-01,                  NaN
    4.0429687500E-01,   -5.7720478047E-01,   -1.3737670218E-01,    7.8540028040E-01,                  NaN
    4.0625000000E-01,   -5.7950470672E-01,   -1.3910982688E-01,    7.8540028040E-01,                  NaN
    4.0820312500E-01,   -5.8189858630E-01,   -1.4087478145E-01,    7.8540028040E-01,                  NaN
    4.1015625000E-01,   -5.8438807022E-01,   -1.4267246508E-01,    7.8540028040E-01,                  NaN
    4.1210937500E-01,   -5.8697461195E-01,   -1.4450374986E-01,    7.8540028040E-01,                  NaN
    4.1406250000E-01,   -5.8965941750E-01,   -1.4636946708E-01,    7.8540028040E-01,                  NaN
    4.1601562500E-01,   -5.9244342339E-01,   -1.4827039954E-01,    7.8540028040E-01,                  NaN
    4.1796875000E-01,   -5.9532729428E-01,   -1.5020727847E-01,    7.8540028040E-01,                  NaN
    4.1992187500E-01,   -5.9831143259E-01,   -1.5218078355E-01,    7.8540028040E-01,                  NaN
    4.2187500000E-01,   -6.0139599407E-01,   -1.5419154480E-01,    7.8540028040E-01,                  NaN
    4.2382812500E-01,   -6.0458090481E-01,   -1.5624014528E-01,    7.8540028040E-01,                  NaN
    4.2578125000E-01,   -6.0786587692E-01,   -1.5832712361E-01,    7.8540028040E-01,                  NaN
    4.2773437500E-01,   -6.1125042148E-01,   -1.6045297596E-01,    7.8540028040E-01,                  NaN
    4.2968750000E-01,   -6.1473385868E-01,   -1.6261815699E-01,    7.8540028040E-01,                  NaN
    4.3164062500E-01,   -6.1831532520E-01,   -1.6482307978E-01,    7.8540028040E-01,                  NaN
    4.3359375000E-01,   -6.2199377955E-01,   -1.6706811478E-01,    7.8540028040E-01,                  NaN
    4.3554687500E-01,   -6.2576800567E-01,   -1.6935358783E-01,    7.8540028040E-01,                  NaN
    4.3750000000E-01,   -6.2963661499E-01,   -1.7167977744E-01,    7.8540028040E-01,                  NaN
    4.3945312500E-01,   -6.3359804706E-01,   -1.7404691167E-01,    7.8540028040E-01,                  NaN
    4.4140625000E-01,   -6.3765056857E-01,   -1.7645516454E-01,    7.8540028040E-01,                  NaN
    4.4335937500E-01,   -6.4179227059E-01,   -1.7890465241E-01,    7.8540028040E-01,                  NaN
    4.4531250000E-01,   -6.4602106416E-01,   -1.8139543020E-01,    7.8540028040E-01,                  NaN
    4.4726562500E-01,   -6.5033467438E-01,   -1.8392748776E-01,    7.8540028040E-01,                  NaN
    4.4921875000E-01,   -6.5473063346E-01,   -1.8650074636E-01,    7.8540028040E-01,                  NaN
    4.5117187500E-01,   -6.5920627315E-01,   -1.8911505536E-01,    7.8540028040E-01,                  NaN
    4.5312500000E-01,   -6.6375871729E-01,   -1.9177018911E-01,    7.8540028040E-01,                  NaN
    4.5507812500E-01,   -6.6838487495E-01,   -1.9446584399E-01,    7.8540028040E-01,                  NaN
    4.5703125000E-01,   -6.7308143465E-01,   -1.9720163572E-01,    7.8540028040E-01,                  NaN
    4.5898437500E-01,   -6.7784485999E-01,   -1.9997709685E-01,    7.8540028040E-01,                  NaN
    4.6093750000E-01,   -6.8267138704E-01,   -2.0279167442E-01,    7.8540028040E-01,                  NaN
    4.6289062500E-01,   -6.8755702355E-01,   -2.0564472795E-01,    7.8540028040E-01,                  NaN
    4.6484375000E-01,   -6.9249755023E-01,   -2.0853552762E-01,    7.8540028040E-01,                  NaN
    4.6679687500E-01,   -6.9748852397E-01,   -2.1146325284E-01,    7.8540028040E-01,                  NaN
    4.6875000000E-01,   -7.0252528301E-01,   -2.1442699111E-01,    7.8540028040E-01,                  NaN
    4.7070312500E-01,   -7.0760295370E-01,   -2.1742573713E-01,    7.8540028040E-01,                  NaN
    4.7265625000E-01,   -7.1271645824E-01,   -2.2045839210E-01,    7.8540028040E-01,                  NaN
    4.7460937500E-01,   -7.1786052263E-01,   -2.2352376303E-01,    7.8540028040E-01,                  NaN
    4.7656250000E-01,   -7.2302968349E-01,   -2.2662056177E-01,    7.8540028040E-01,                  NaN
    4.7851562500E-01,   -7.2821829281E-01,   -2.2974740364E-01,    7.8540028040E-01,                  NaN
    4.8046875000E-01,   -7.3342051930E-01,   -2.3290280540E-01,    7.8540028040E-01,                  NaN
    4.8242187500E-01,   -7.3863034602E-01,   -2.3608518242E-01,    7.8540028040E-01,                  NaN
    4.8437500000E-01,   -7.4384156420E-01,   -2.3929284531E-01,    7.8540028040E-01,                  NaN
    4.8632812500E-01,   -7.4904776445E-01,   -2.4252399624E-01,    7.8540028040E-01,                  NaN
    4.8828125000E-01,   -7.5424232728E-01,   -2.4577672538E-01,    7.8540028040E-01,                  NaN
    4.9023437500E-01,   -7.5941841563E-01,   -2.4904900832E-01,    7.8540028040E-01,                  NaN
    4.9218750000E-01,   -7.6456897261E-01,   -2.5233870507E-01,    7.8540028040E-01,                  NaN
    4.9414062500E-01,   -7.6968672707E-01,   -2.5564356151E-01,    7.8540028040E-01,                  NaN
    4.9609375000E-01,   -7.7476420909E-01,   -2.5896121351E-01,    7.8540028040E-01,                  NaN
    4.9804687500E-01,   -7.7979377576E-01,   -2.6228919394E-01,    7.8540028040E-01,                  NaN
    5.0000000000E-01,   -7.8476764596E-01,   -2.6562494218E-01,    7.8540028040E-01,                  NaN
    5.0195312500E-01,   -7.8967794096E-01,   -2.6896581512E-01,    7.8540028040E-01,                  NaN
    5.0390625000E-01,   -7.9451672603E-01,   -2.7230909840E-01,    7.8540028040E-01,                  NaN
    5.0585937500E-01,   -7.9927604745E-01,   -2.7565201635E-01,    7.8540028040E-01,                  NaN
    5.0781250000E-01,   -8.0394795926E-01,   -2.7899173901E-01,    7.8540028040E-01,                  NaN
    5.0976562500E-01,   -8.0852453510E-01,   -2.8232538493E-01,    7.8540028040E-01,                  NaN
    5.1171875000E-01,   -8.1299786274E-01,   -2.8565001923E-01,    7.8540028040E-01,                  NaN
    5.1367187500E-01,   -8.1736002143E-01,   -2.8896264679E-01,    7.8540028040E-01,                  NaN
    5.1562500000E-01,   -8.2160304599E-01,   -2.9226020193E-01,    7.8540028040E-01,                  NaN
    5.1757812500E-01,   -8.2571888436E-01,   -2.9553953653E-01,    7.8540028040E-01,                  NaN
    5.1953125000E-01,   -8.2969935859E-01,   -2.9879740962E-01,    7.8540028040E-01,                  NaN
    5.2148437500E-01,   -8.3353614089E-01,   -3.0203048191E-01,    7.8540028040E-01,                  NaN
    5.2343750000E-01,   -8.3722075729E-01,   -3.0523531919E-01,    7.8540028040E-01,                  NaN
    5.2539062500E-01,   -8.4074463037E-01,   -3.0840840817E-01,    7.8540028040E-01,                  NaN
    5.2734375000E-01,   -8.4409917052E-01,   -3.1154618763E-01,    7.8540028040E-01,                  NaN
    5.2929687500E-01,   -8.4727592101E-01,   -3.1464509683E-01,    7.8540028040E-01,                  NaN
    5.3125000000E-01,   -8.5026675721E-01,   -3.1770164141E-01,    7.8540028040E-01,                  NaN
    5.3320312500E-01,   -8.5306413450E-01,   -3.2071247522E-01,    7.8540028040E-01,                  NaN
    5.3515625000E-01,   -8.5566137297E-01,   -3.2367449482E-01,    7.8540028040E-01,                  NaN
    5.3710937500E-01,   -8.5805296144E-01,   -3.2658494125E-01,    7.8540028040E-01,                  NaN
    5.3906250000E-01,   -8.6023485826E-01,   -3.2944150219E-01,    7.8540028040E-01,                  NaN
    5.4101562500E-01,   -8.6220476344E-01,   -3.3224240663E-01,    7.8540028040E-01,                  NaN
    5.4296875000E-01,   -8.6396233561E-01,   -3.3498650355E-01,    7.8540028040E-01,                  NaN
    5.4492187500E-01,   -8.6550932930E-01,   -3.3767331644E-01,    7.8540028040E-01,                  NaN
    5.4687500000E-01,   -8.6684963222E-01,   -3.4030306688E-01,    7.8540028040E-01,                  NaN
    5.4882812500E-01,   -8.6798918948E-01,   -3.4287666207E-01,    7.8540028040E-01,                  NaN
    5.5078125000E-01,   -8.6893581059E-01,   -3.4539564432E-01,    7.8540028040E-01,                  NaN
    5.5273437500E-01,   -8.6969886499E-01,   -3.4786210324E-01,    7.8540028040E-01,                  NaN
    5.5468750000E-01,   -8.7028888222E-01,   -3.5027855498E-01,    7.8540028040E-01,                  NaN
    5.5664062500E-01,   -8.7071708182E-01,   -3.5264779578E-01,    7.8540028040E-01,                  NaN
    5.5859375000E-01,   -8.7099486496E-01,   -3.5497273957E-01,    7.8540028040E-01,                  NaN
    5.6054687500E-01,   -8.7113330363E-01,   -3.5725625108E-01,    7.8540028040E-01,                  NaN
    5.6250000000E-01,   -8.7114266390E-01,   -3.5950098643E-01,    7.8540028040E-01,                  NaN
    5.6445312500E-01,   -8.7103199641E-01,   -3.6170925231E-01,    7.8540028040E-01,                  NaN
    5.6640625000E-01,   -8.7080882102E-01,   -3.6388289345E-01,    7.8540028040E-01,                  NaN
    5.6835937500E-01,   -8.7047892388E-01,   -3.6602321535E-01,    7.8540028040E-01,                  NaN
    5.7031250000E-01,   -8.7004627468E-01,   -3.6813094565E-01,    7.8540028040E-01,                  NaN
    5.7226562500E-01,   -8.6951306196E-01,   -3.7020623481E-01,    7.8540028040E-01,                  NaN
    5.7421875000E-01,   -8.6887983421E-01,   -3.7224869274E-01,    7.8540028040E-01,                  NaN
    5.7617187500E-01,   -8.6814572727E-01,   -3.7425745584E-01,    7.8540028040E-01,                  NaN
    5.7812500000E-01,   -8.6730875312E-01,   -3.7623127670E-01,    7.8540028040E-01,                  NaN
    5.8007812500E-01,   -8.6636612288E-01,   -3.7816862754E-01,    7.8540028040E-01,                  NaN
    5.8203125000E-01,   -8.6531457712E-01,   -3.8006780861E-01,    7.8540028040E-01,                  NaN
    5.8398437500E-01,   -8.6415069958E-01,   -3.8192705336E-01,    7.8540028040E-01,                  NaN
    5.8593750000E-01,   -8.6287119510E-01,   -3.8374462352E-01,    7.8540028040E-01,                  NaN
    5.8789062500E-01,   -8.6147311849E-01,   -3.8551888925E-01,    7.8540028040E-01,                  NaN
    5.8984375000E-01,   -8.5995404674E-01,   -3.8724839143E-01,    7.8540028040E-01,                  NaN
    5.9179687500E-01,   -8.5831219333E-01,   -3.8893188517E-01,    7.8540028040E-01,                  NaN
    5.9375000000E-01,   -8.5654646798E-01,   -3.9056836514E-01,    7.8540028040E-01,                  NaN
    5.9570312500E-01,   -8.5465648930E-01,   -3.9215707519E-01,    7.8540028040E-01,                  NaN
    5.9765625000E-01,   -8.5264256022E-01,   -3.9369750495E-01,    7.8540028040E-01,                  NaN
    5.9960937500E-01,   -8.5050561707E-01,   -3.9518937721E-01,    7.8540028040E-01,                  NaN
    6.0156250000E-01,   -8.4824716294E-01,   -3.9663262932E-01,    7.8540028040E-01,                  NaN
    6.0351562500E-01,   -8.4586919492E-01,   -3.9802739198E-01,    7.8540028040E-01,                  NaN
    6.0546875000E-01,   -8.4337413302E-01,   -3.9937396780E-01,    7.8540028040E-01,                  NaN
    6.0742187500E-01,   -8.4076475645E-01,   -4.0067281192E-01,    7.8540028040E-01,                  NaN
    6.0937500000E-01,   -8.3804415064E-01,   -4.0192451555E-01,    7.8540028040E-01,                  NaN
    6.1132812500E-01,   -8.3521566665E-01,   -4.0312979338E-01,    7.8540028040E-01,                  NaN
    6.1328125000E-01,   -8.3228289259E-01,   -4.0428947474E-01,    7.8540028040E-01,                  NaN
    6.1523437500E-01,   -8.2924963590E-01,   -4.0540449826E-01,    7.8540028040E-01,                  NaN
    6.1718750000E-01,   -8.2611991454E-01,   -4.0647590953E-01,    7.8540028040E-01,                  NaN
    6.1914062500E-01,   -8.2289795460E-01,   -4.0750486110E-01,    7.8540028040E-01,                  NaN
    6.2109375000E-01,   -8.1958819208E-01,   -4.0849261405E-01,    7.8540028040E-01,                  NaN
    6.2304687500E-01,   -8.1619527661E-01,   -4.0944054057E-01,    7.8540028040E-01,                  NaN
    6.2500000000E-01,   -8.1272407558E-01,   -4.1035012684E-01,    7.8540028040E-01,                  NaN
    6.2695312500E-01,   -8.0917967730E-01,   -4.1122297600E-01,    7.8540028040E-01,                  NaN
    6.2890625000E-01,   -8.0556739255E-01,   -4.1206081062E-01,    7.8540028040E-01,                  NaN
    6.3085937500E-01,   -8.0189275391E-01,   -4.1286547459E-01,    7.8540028040E-01,                  NaN
    6.3281250000E-01,   -7.9816151281E-01,   -4.1363893411E-01,    7.8540028040E-01,                  NaN
    6.3476562500E-01,   -7.9437963426E-01,   -4.1438327793E-01,    7.8540028040E-01,                  NaN
    6.3671875000E-01,   -7.9055328944E-01,   -4.1510071658E-01,    7.8540028040E-01,                  NaN
    6.3867187500E-01,   -7.8668884640E-01,   -4.1579358092E-01,    7.8540028040E-01,                  NaN
    6.4062500000E-01,   -7.8279285915E-01,   -4.1646431980E-01,    7.8540028040E-01,                  NaN
    6.4257812500E-01,   -7.7887205536E-01,   -4.1711549728E-01,    7.8540028040E-01,                  NaN
    6.4453125000E-01,   -7.7493332343E-01,   -4.1774978934E-01,    7.8540028040E-01,                  NaN
    6.4648437500E-01,   -7.7098369920E-01,   -4.1836998055E-01,    7.8540028040E-01,                  NaN
    6.4843750000E-01,   -7.6703035322E-01,   -4.1897896089E-01,    7.8540028040E-01,                  NaN
    6.5039062500E-01,   -7.6308057885E-01,   -4.1957972287E-01,    7.8540028040E-01,                  NaN
    6.5234375000E-01,   -7.5914178179E-01,   -4.2017535918E-01,    7.8540028040E-01,                  NaN
    6.5429687500E-01,   -7.5522147076E-01,   -4.2076906080E-01,    7.8540028040E-01,                  NaN
    6.5625000000E-01,   -7.5132724891E-01,   -4.2136411532E-01,    7.8540028040E-01,                  NaN
    6.5820312500E-01,   -7.4746680522E-01,   -4.2196390506E-01,    7.8540028040E-01,                  NaN
    6.6015625000E-01,   -7.4364790420E-01,   -4.2257190450E-01,    7.8540028040E-01,                  NaN
    6.6210937500E-01,   -7.3987837277E-01,   -4.2319167622E-01,    7.8540028040E-01,                  NaN
    6.6406250000E-01,   -7.3616608244E-01,   -4.2382686481E-01,    7.8540028040E-01,                  NaN
    6.6601562500E-01,   -7.3251892594E-01,   -4.2448118800E-01,    7.8540028040E-01,                  NaN
    6.6796875000E-01,   -7.2894478747E-01,   -4.2515842500E-01,    7.8540028040E-01,                  NaN
    6.6992187500E-01,   -7.2545150711E-01,   -4.2586240179E-01,    7.8540028040E-01,                  NaN
    6.7187500000E-01,   -7.2204684079E-01,   -4.2659697414E-01,    7.8540028040E-01,                  NaN
    6.7382812500E-01,   -7.1873841816E-01,   -4.2736600917E-01,    7.8540028040E-01,                  NaN
    6.7578125000E-01,   -7.1553370155E-01,   -4.2817336690E-01,    7.8540028040E-01,                  NaN
    6.7773437500E-01,   -7.1243994951E-01,   -4.2902288321E-01,    7.8540028040E-01,                  NaN
    6.7968750000E-01,   -7.0946418804E-01,   -4.2991835570E-01,    7.8540028040E-01,                  NaN
    6.8164062500E-01,   -7.0661319177E-01,   -4.3086353355E-01,    7.8540028040E-01,                  NaN
    6.8359375000E-01,   -7.0389347578E-01,   -4.3186211181E-01,    7.8540028040E-01,                  NaN
    6.8554687500E-01,   -7.0131129666E-01,   -4.3291772955E-01,    7.8540028040E-01,                  NaN
    6.8750000000E-01,   -6.9887265946E-01,   -4.3403397059E-01,    7.8540028040E-01,                  NaN
    6.8945312500E-01,   -6.9658332489E-01,   -4.3521436415E-01,    7.8540028040E-01,                  NaN
    6.9140625000E-01,   -6.9444881003E-01,   -4.3646238229E-01,    7.8540028040E-01,                  NaN
    6.9335937500E-01,   -6.9247437478E-01,   -4.3778143047E-01,    7.8540028040E-01,                  NaN
    6.9531250000E-01,   -6.9066498692E-01,   -4.3917482758E-01,    7.8540028040E-01,                  NaN
    6.9726562500E-01,   -6.8902526027E-01,   -4.4064577251E-01,    7.8540028040E-01,                  NaN
    6.9921875000E-01,   -6.8755936282E-01,   -4.4219729534E-01,    7.8540028040E-01,                  NaN
    7.0117187500E-01,   -6.8627089527E-01,   -4.4383219309E-01,    7.8540028040E-01,                  NaN
    7.0312500000E-01,   -6.8516274456E-01,   -4.4555295156E-01,    7.8540028040E-01,                  NaN
    7.0507812500E-01,   -6.8423692045E-01,   -4.4736165710E-01,    7.8540028040E-01,                  NaN
    7.0703125000E-01,   -6.8349438700E-01,   -4.4925990380E-01,    7.8540028040E-01,                  NaN
    7.0898437500E-01,   -6.8293490326E-01,   -4.5124870311E-01,    7.8540028040E-01,                  NaN
    7.1093750000E-01,   -6.8255688836E-01,   -4.5332840364E-01,    7.8540028040E-01,                  NaN
    7.1289062500E-01,   -6.8235732644E-01,   -4.5549862931E-01,    7.8540028040E-01,                  NaN
    7.1484375000E-01,   -6.8233172445E-01,   -4.5775824290E-01,    7.8540028040E-01,                  NaN
    7.1679687500E-01,   -6.8247413286E-01,   -4.6010534101E-01,    7.8540028040E-01,                  NaN
    7.1875000000E-01,   -6.8277723490E-01,   -4.6253728419E-01,    7.8540028040E-01,                  NaN
    7.2070312500E-01,   -6.8323250491E-01,   -4.6505076350E-01,    7.8540028040E-01,                  NaN
    7.2265625000E-01,   -6.8383043093E-01,   -4.6764190229E-01,    7.8540028040E-01,                  NaN
    7.2460937500E-01,   -6.8456079169E-01,   -4.7030638870E-01,    7.8540028040E-01,                  NaN
    7.2656250000E-01,   -6.8541297356E-01,   -4.7303963251E-01,    7.8540028040E-01,                  NaN
    7.2851562500E-01,   -6.8637631005E-01,   -4.7583693760E-01,    7.8540028040E-01,                  NaN
    7.3046875000E-01,   -6.8744042471E-01,   -4.7869368044E-01,    7.8540028040E-01,                  NaN
    7.3242187500E-01,   -6.8859555779E-01,   -4.8160548427E-01,    7.8540028040E-01,                  NaN
    7.3437500000E-01,   -6.8983285822E-01,   -4.8456837883E-01,    7.8540028040E-01,                  NaN
    7.3632812500E-01,   -6.9114462443E-01,   -4.8757893645E-01,    7.8540028040E-01,                  NaN
    7.3828125000E-01,   -6.9252448111E-01,   -4.9063437663E-01,    7.8540028040E-01,                  NaN
    7.4023437500E-01,   -6.9396748314E-01,   -4.9373263345E-01,    7.8540028040E-01,                  NaN
    7.4218750000E-01,   -6.9547014433E-01,   -4.9687238352E-01,    7.8540028040E-01,                  NaN
    7.4414062500E-01,   -6.9703039425E-01,   -5.0005303546E-01,    7.8540028040E-01,                  NaN
    7.4609375000E-01,   -6.9864746930E-01,   -5.0327468346E-01,    7.8540028040E-01,                  NaN
    7.4804687500E-01,   -7.0032174527E-01,   -5.0653802750E-01,    7.8540028040E-01,                  NaN
    7.5000000000E-01,   -7.0205452190E-01,   -5.0984426554E-01,    7.8540028040E-01,                  NaN
    7.5195312500E-01,   -7.0384777570E-01,   -5.1319496541E-01,    7.8540028040E-01,                  NaN
    7.5390625000E-01,   -7.0570389885E-01,   -5.1659192668E-01,    7.8540028040E-01,                  NaN
    7.5585937500E-01,   -7.0762543965E-01,   -5.2003704068E-01,    7.8540028040E-01,                  NaN
    7.5781250000E-01,   -7.0961485647E-01,   -5.2353215530E-01,    7.8540028040E-01,                  NaN
    7.5976562500E-01,   -7.1167429559E-01,   -5.2707895046E-01,    7.8540028040E-01,                  NaN
    7.6171875000E-01,   -7.1380540262E-01,   -5.3067882975E-01,    7.8540028040E-01,                  NaN
    7.6367187500E-01,   -7.1600917433E-01,   -5.3433283296E-01,    7.8540028040E-01,                  NaN
    7.6562500000E-01,   -7.1828585408E-01,   -5.3804157124E-01,    7.8540028040E-01,                  NaN
    7.6757812500E-01,   -7.2063486963E-01,   -5.4180518512E-01,    7.8540028040E-01,                  NaN
    7.6953125000E-01,   -7.2305481039E-01,   -5.4562332396E-01,    7.8540028040E-01,                  NaN
    7.7148437500E-01,   -7.2554343910E-01,   -5.4949514470E-01,    7.8540028040E-01,                  NaN
    7.7343750000E-01,   -7.2809773237E-01,   -5.5341932701E-01,    7.8540028040E-01,                  NaN
    7.7539062500E-01,   -7.3071394295E-01,   -5.5739410153E-01,    7.8540028040E-01,                  NaN
    7.7734375000E-01,   -7.3338767652E-01,   -5.6141728710E-01,    7.8540028040E-01,                  NaN
    7.7929687500E-01,   -7.3611397632E-01,   -5.6548633356E-01,    7.8540028040E-01,                  NaN
    7.8125000000E-01,   -7.3888740950E-01,   -5.6959836666E-01,    7.8540028040E-01,                  NaN
    7.8320312500E-01,   -7.4170214999E-01,   -5.7375023222E-01,    7.8540028040E-01,                  NaN
    7.8515625000E-01,   -7.4455205310E-01,   -5.7793853674E-01,    7.8540028040E-01,                  NaN
    7.8710937500E-01,   -7.4743071906E-01,   -5.8215968269E-01,    7.8540028040E-01,                  NaN
    7.8906250000E-01,   -7.5033154515E-01,   -5.8640989761E-01,    7.8540028040E-01,                  NaN
    7.9101562500E-01,   -7.5324776759E-01,   -5.9068525754E-01,    7.8540028040E-01,                  NaN
    7.9296875000E-01,   -7.5617249416E-01,   -5.9498170483E-01,    7.8540028040E-01,                  NaN
    7.9492187500E-01,   -7.5909872742E-01,   -5.9929506092E-01,    7.8540028040E-01,                  NaN
    7.9687500000E-01,   -7.6201937970E-01,   -6.0362103441E-01,    7.8540028040E-01,                  NaN
    7.9882812500E-01,   -7.6492728283E-01,   -6.0795522601E-01,    7.8540028040E-01,                  NaN
    8.0078125000E-01,   -7.6781519631E-01,   -6.1229313247E-01,    7.8540028040E-01,                  NaN
    8.0273437500E-01,   -7.7067581686E-01,   -6.1663015077E-01,    7.8540028040E-01,                  NaN
    8.0468750000E-01,   -7.7350179011E-01,   -6.2096158362E-01,    7.8540028040E-01,                  NaN
    8.0664062500E-01,   -7.7628572415E-01,   -6.2528264639E-01,    7.8540028040E-01,                  NaN
    8.0859375000E-01,   -7.7902020482E-01,   -6.2958847562E-01,    7.8540028040E-01,                  NaN
    8.1054687500E-01,   -7.8169781235E-01,   -6.3387413926E-01,    7.8540028040E-01,                  NaN
    8.1250000000E-01,   -7.8431113894E-01,   -6.3813464846E-01,    7.8540028040E-01,                  NaN
    8.1445312500E-01,   -7.8685280658E-01,   -6.4236497061E-01,    7.8540028040E-01,                  NaN
    8.1640625000E-01,   -7.8931548447E-01,   -6.4656004308E-01,    7.8540028040E-01,                  NaN
    8.1835937500E-01,   -7.9169190566E-01,   -6.5071478737E-01,    7.8540028040E-01,                  NaN
    8.2031250000E-01,   -7.9397488232E-01,   -6.5482412301E-01,    7.8540028040E-01,                  NaN
    8.2226562500E-01,   -7.9615731980E-01,   -6.5888298120E-01,    7.8540028040E-01,                  NaN
    8.2421875000E-01,   -7.9823222941E-01,   -6.6288631797E-01,    7.8540028040E-01,                  NaN
    8.2617187500E-01,   -8.0019274129E-01,   -6.6682912732E-01,    7.8540028040E-01,                  NaN
    8.2812500000E-01,   -8.0203211856E-01,   -6.7070645489E-01,    7.8540028040E-01,                  NaN
    8.3007812500E-01,   -8.0374377478E-01,   -6.7451341306E-01,    7.8540028040E-01,                  NaN
    8.3203125000E-01,   -8.0532129599E-01,   -6.7824519821E-01,    7.8540028040E-01,                  NaN
    8.3398437500E-01,   -8.0675846844E-01,   -6.8189711085E-01,    7.8540028040E-01,                  NaN
    8.3593750000E-01,   -8.0804931181E-01,   -6.8546457868E-01,    7.8540028040E-01,                  NaN
    8.3789062500E-01,   -8.0918811678E-01,   -6.8894318227E-01,    7.8540028040E-01,                  NaN
    8.3984375000E-01,   -8.1016948509E-01,   -6.9232868258E-01,    7.8540028040E-01,                  NaN
    8.4179687500E-01,   -8.1098836969E-01,   -6.9561704892E-01,    7.8540028040E-01,                  NaN
    8.4375000000E-01,   -8.1164011217E-01,   -6.9880448615E-01,    7.8540028040E-01,                  NaN
    8.4570312500E-01,   -8.1212047513E-01,   -7.0188745934E-01,    7.8540028040E-01,                  NaN
    8.4765625000E-01,   -8.1242566755E-01,   -7.0486271474E-01,    7.8540028040E-01,                  NaN
    8.4960937500E-01,   -8.1255236215E-01,   -7.0772729626E-01,    7.8540028040E-01,                  NaN
    8.5156250000E-01,   -8.1249770507E-01,   -7.1047855707E-01,    7.8540028040E-01,                  NaN
    8.5351562500E-01,   -8.1225931958E-01,   -7.1311416713E-01,    7.8540028040E-01,                  NaN
    8.5546875000E-01,   -8.1183530661E-01,   -7.1563211775E-01,    7.8540028040E-01,                  NaN
    8.5742187500E-01,   -8.1122424629E-01,   -7.1803072531E-01,    7.8540028040E-01,                  NaN
    8.5937500000E-01,   -8.1042520430E-01,   -7.2030863633E-01,    7.8540028040E-01,                  NaN
    8.6132812500E-01,   -8.0943774710E-01,   -7.2246483591E-01,    7.8540028040E-01,                  NaN
    8.6328125000E-01,   -8.0826196825E-01,   -7.2449866146E-01,    7.8540028040E-01,                  NaN
    8.6523437500E-01,   -8.0689852716E-01,   -7.2640982226E-01,    7.8540028040E-01,                  NaN
    8.6718750000E-01,   -8.0534869901E-01,   -7.2819842512E-01,    7.8540028040E-01,                  NaN
    8.6914062500E-01,   -8.0361443327E-01,   -7.2986500480E-01,    7.8540028040E-01,                  NaN
    8.7109375000E-01,   -8.0169841565E-01,   -7.3141055716E-01,    7.8540028040E-01,                  NaN
    8.7304687500E-01,   -7.9960412715E-01,   -7.3283657175E-01,    7.8540028040E-01,                  NaN
    8.7500000000E-01,   -7.9733589254E-01,   -7.3414505987E-01,    7.8540028040E-01,                  NaN
    8.7695312500E-01,   -7.9489891007E-01,   -7.3533857350E-01,    7.8540028040E-01,                  NaN
    8.7890625000E-01,   -7.9229925508E-01,   -7.3642021074E-01,    7.8540028040E-01,                  NaN
    8.8085937500E-01,   -7.8954385098E-01,   -7.3739360377E-01,    7.8540028040E-01,                  NaN
    8.8281250000E-01,   -7.8664040331E-01,   -7.3826288641E-01,    7.8540028040E-01,                  NaN
    8.8476562500E-01,   -7.8359729524E-01,   -7.3903263959E-01,    7.8540028040E-01,                  NaN
    8.8671875000E-01,   -7.8042344535E-01,   -7.3970781504E-01,    7.8540028040E-01,                  NaN
    8.8867187500E-01,   -7.7712813213E-01,   -7.4029363870E-01,    7.8540028040E-01,                  NaN
    8.9062500000E-01,   -7.7372079220E-01,   -7.4079549756E-01,    7.8540028040E-01,                  NaN
    8.9257812500E-01,   -7.7021080189E-01,   -7.4121881482E-01,    7.8540028040E-01,                  NaN
    8.9453125000E-01,   -7.6660725339E-01,   -7.4156891966E-01,    7.8540028040E-01,                  NaN
    8.9648437500E-01,   -7.6291873793E-01,   -7.4185091874E-01,    7.8540028040E-01,                  NaN
    8.9843750000E-01,   -7.5915314844E-01,   -7.4206957657E-01,    7.8540028040E-01,                  NaN
    9.0039062500E-01,   -7.5531751340E-01,   -7.4222921175E-01,    7.8540028040E-01,                  NaN
    9.0234375000E-01,   -7.5141787205E-01,   -7.4233361514E-01,    7.8540028040E-01,                  NaN
    9.0429687500E-01,   -7.4745919818E-01,   -7.4238599469E-01,    7.8540028040E-01,                  NaN
    9.0625000000E-01,   -7.4344537671E-01,   -7.4238895030E-01,    7.8540028040E-01,                  NaN
    9.0820312500E-01,   -7.3937923332E-01,   -7.4234447983E-01,    7.8540028040E-01,                  NaN
    9.1015625000E-01,   -7.3526261489E-01,   -7.4225401554E-01,    7.8540028040E-01,                  NaN
    9.1210937500E-01,   -7.3109651508E-01,   -7.4211848868E-01,    7.8540028040E-01,                  NaN
    9.1406250000E-01,   -7.2688123703E-01,   -7.4193841756E-01,    7.8540028040E-01,                  NaN
    9.1601562500E-01,   -7.2261658263E-01,   -7.4171401336E-01,    7.8540028040E-01,                  NaN
    9.1796875000E-01,   -7.1830205658E-01,   -7.4144529690E-01,    7.8540028040E-01,                  NaN
    9.1992187500E-01,   -7.1393707368E-01,   -7.4113221964E-01,    7.8540028040E-01,                  NaN
    9.2187500000E-01,   -7.0952115783E-01,   -7.4077478269E-01,    7.8540028040E-01,                  NaN
    9.2382812500E-01,   -7.0505412203E-01,   -7.4037314737E-01,    7.8540028040E-01,                  NaN
    9.2578125000E-01,   -7.0053622067E-01,   -7.3992773128E-01,    7.8540028040E-01,                  NaN
    9.2773437500E-01,   -6.9596826829E-01,   -7.3943928562E-01,    7.8540028040E-01,                  NaN
    9.2968750000E-01,   -6.9135172209E-01,   -7.3890895107E-01,    7.8540028040E-01,                  NaN
    9.3164062500E-01,   -6.8668872742E-01,   -7.3833829119E-01,    7.8540028040E-01,                  NaN
    9.3359375000E-01,   -6.8198212712E-01,   -7.3772930347E-01,    7.8540028040E-01,                  NaN
    9.3554687500E-01,   -6.7723543801E-01,   -7.3708440940E-01,    7.8540028040E-01,                  NaN
    9.3750000000E-01,   -6.7245280039E-01,   -7.3640642624E-01,    7.8540028040E-01,                  NaN
    9.3945312500E-01,   -6.6763890778E-01,   -7.3569852471E-01,    7.8540028040E-01,                  NaN
    9.4140625000E-01,   -6.6279892332E-01,   -7.3496417647E-01,    7.8540028040E-01,                  NaN
    9.4335937500E-01,   -6.5793838905E-01,   -7.3420709556E-01,    7.8540028040E-01,                  NaN
    9.4531250000E-01,   -6.5306313350E-01,   -7.3343117786E-01,    7.8540028040E-01,                  NaN
    9.4726562500E-01,   -6.4817918305E-01,   -7.3264044212E-01,    7.8540028040E-01,                  NaN
    9.4921875000E-01,   -6.4329268157E-01,   -7.3183897603E-01,    7.8540028040E-01,                  NaN
    9.5117187500E-01,   -6.3840982077E-01,   -7.3103088938E-01,    7.8540028040E-01,                  NaN
    9.5312500000E-01,   -6.3353678296E-01,   -7.3022027578E-01,    7.8540028040E-01,                  NaN
    9.5507812500E-01,   -6.2867969620E-01,   -7.2941118336E-01,    7.8540028040E-01,                  NaN
    9.5703125000E-01,   -6.2384460131E-01,   -7.2860759410E-01,    7.8540028040E-01,                  NaN
    9.5898437500E-01,   -6.1903742926E-01,   -7.2781341095E-01,    7.8540028040E-01,                  NaN
    9.6093750000E-01,   -6.1426398711E-01,   -7.2703245114E-01,    7.8540028040E-01,                  NaN
    9.6289062500E-01,   -6.0952994998E-01,   -7.2626844386E-01,    7.8540028040E-01,                  NaN
    9.6484375000E-01,   -6.0484085705E-01,   -7.2552503063E-01,    7.8540028040E-01,                  NaN
    9.6679687500E-01,   -6.0020210940E-01,   -7.2480576648E-01,    7.8540028040E-01,                  NaN
    9.6875000000E-01,   -5.9561896794E-01,   -7.2411412071E-01,    7.8540028040E-01,                  NaN
    9.7070312500E-01,   -5.9109655022E-01,   -7.2345347612E-01,    7.8540028040E-01,                  NaN
    9.7265625000E-01,   -5.8663982529E-01,   -7.2282712624E-01,    7.8540028040E-01,                  NaN
    9.7460937500E-01,   -5.8225360627E-01,   -7.2223827044E-01,    7.8540028040E-01,                  NaN
    9.7656250000E-01,   -5.7794254068E-01,   -7.2169000705E-01,    7.8540028040E-01,                  NaN
    9.7851562500E-01,   -5.7371109868E-01,   -7.2118532514E-01,    7.8540028040E-01,                  NaN
    9.8046875000E-01,   -5.6956355971E-01,   -7.2072709530E-01,    7.8540028040E-01,                  NaN
    9.8242187500E-01,   -5.6550399797E-01,   -7.2031806001E-01,    7.8540028040E-01,                  NaN
    9.8437500000E-01,   -5.6153626692E-01,   -7.1996082388E-01,    7.8540028040E-01,                  NaN
    9.8632812500E-01,   -5.5766398335E-01,   -7.1965784398E-01,    7.8540028040E-01,                  NaN
    9.8828125000E-01,   -5.5389051077E-01,   -7.1941142001E-01,    7.8540028040E-01,                  NaN
    9.9023437500E-01,   -5.5021894243E-01,   -7.1922368433E-01,    7.8540028040E-01,                  NaN
    9.9218750000E-01,   -5.4665208394E-01,   -7.1909659140E-01,    7.8540028040E-01,                  NaN
    9.9414062500E-01,   -5.4319243547E-01,   -7.1903190655E-01,    7.8540028040E-01,                  NaN
    9.9609375000E-01,   -5.3984217422E-01,   -7.1903119402E-01,    7.8540028040E-01,                  NaN
    9.9804687500E-01,   -5.3660313722E-01,   -7.1909580468E-01,    7.8540028040E-01,                  NaN
    1.0000000000E+00,   -5.3347680569E-01,   -7.1922686381E-01,    7.8540028040E-01,                  NaN
                 NaN,   -5.9159281136E-01,   -3.0632105427E-01,    7.8540028040E-01,                  NaN
