                Time,             Y-Force,      Work integrand,                Mass,           Mass error
    0.0000000000E+00,   -4.7950682731E-06,    0.0000000000E+00,    7.8540028040E-01,                  NaN
    7.8125000000E-03,   -8.5319786843E-04,   -1.2112136437E-07,    7.8540028040E-01,                  NaN
    1.5625000000E-02,   -3.3025047976E-03,   -1.6743073989E-06,    7.8540028040E-01,                  NaN
    2.3437500000E-02,   -7.3567451605E-03,   -7.9443158053E-06,    7.8540028040E-01,                  NaN
    3.1250000000E-02,   -1.3065326211E-02,   -2.4273241106E-05,    7.8540028040E-01,                  NaN
    3.9062500000E-02,   -2.0463678541E-02,   -5.7952474861E-05,    7.8540028040E-01,                  NaN
    4.6875000000E-02,   -2.9566730120E-02,   -1.1818027515E-04,    7.8540028040E-01,                  NaN
    5.4687500000E-02,   -4.0372867052E-02,   -2.1596002478E-04,    7.8540028040E-01,                  NaN
    6.2500000000E-02,   -5.2891838901E-02,   -3.6411532927E-04,    7.8540028040E-01,                  NaN
    7.0312500000E-02,   -6.7141250666E-02,   -5.7725183556E-04,    7.8540028040E-01,                  NaN
    7.8125000000E-02,   -8.3124341931E-02,   -8.7155958364E-04,    7.8540028040E-01,                  NaN
    8.5937500000E-02,   -1.0082754583E-01,   -1.2646423010E-03,    7.8540028040E-01,                  NaN
    9.3750000000E-02,   -1.2022812420E-01,   -1.7753744861E-03,    7.8540028040E-01,                  NaN
    1.0156250000E-01,   -1.4129143638E-01,   -2.4236230226E-03,    7.8540028040E-01,                  NaN
    1.0937500000E-01,   -1.6396520165E-01,   -3.2298763421E-03,    7.8540028040E-01,                  NaN
    1.1718750000E-01,   -1.8817738573E-01,   -4.2148733677E-03,    7.8540028040E-01,                  NaN
    1.2500000000E-01,   -2.1383331410E-01,   -5.3991886183E-03,    7.8540028040E-01,                  NaN
    1.3281250000E-01,   -2.4081250819E-01,   -6.8027061613E-03,    7.8540028040E-01,                  NaN
    1.4062500000E-01,   -2.6896612043E-01,   -8.4439265994E-03,    7.8540028040E-01,                  NaN
    1.4843750000E-01,   -2.9810776844E-01,   -1.0338993566E-02,    7.8540028040E-01,                  NaN
    1.5625000000E-01,   -3.2799030004E-01,   -1.2500189218E-02,    7.8540028040E-01,                  NaN
    1.6406250000E-01,   -3.5826766156E-01,   -1.4933485064E-02,    7.8540028040E-01,                  NaN
    1.7187500000E-01,   -3.8845069439E-01,   -1.7634975267E-02,    7.8540028040E-01,                  NaN
    1.7968750000E-01,   -4.1788526898E-01,   -2.0587196970E-02,    7.8540028040E-01,                  NaN
    1.8750000000E-01,   -4.4580062326E-01,   -2.3758055712E-02,    7.8540028040E-01,                  NaN
    1.9531250000E-01,   -4.7145920844E-01,   -2.7105541518E-02,    7.8540028040E-01,                  NaN
    2.0312500000E-01,   -4.9436864708E-01,   -3.0588725288E-02,    7.8540028040E-01,                  NaN
    2.1093750000E-01,   -5.1443550502E-01,   -3.4180166745E-02,    7.8540028040E-01,                  NaN
    2.1875000000E-01,   -5.3193581518E-01,   -3.7871168589E-02,    7.8540028040E-01,                  NaN
    2.2656250000E-01,   -5.4729030255E-01,   -4.1664451478E-02,    7.8540028040E-01,                  NaN
    2.3437500000E-01,   -5.6078746167E-01,   -4.5558448058E-02,    7.8540028040E-01,                  NaN
    2.4218750000E-01,   -5.7244870091E-01,   -4.9535281302E-02,    7.8540028040E-01,                  NaN
    2.5000000000E-01,   -5.8211130252E-01,   -5.3561850607E-02,    7.8540028040E-01,                  NaN
    2.5781250000E-01,   -5.8962271069E-01,   -5.7601679354E-02,    7.8540028040E-01,                  NaN
    2.6562500000E-01,   -5.9496977859E-01,   -6.1626008021E-02,    7.8540028040E-01,                  NaN
    2.7343750000E-01,   -5.9826425794E-01,   -6.5615376454E-02,    7.8540028040E-01,                  NaN
    2.8125000000E-01,   -5.9965139977E-01,   -6.9553728194E-02,    7.8540028040E-01,                  NaN
    2.8906250000E-01,   -5.9925365459E-01,   -7.3423712561E-02,    7.8540028040E-01,                  NaN
    2.9687500000E-01,   -5.9718963485E-01,   -7.7208393486E-02,    7.8540028040E-01,                  NaN
    3.0468750000E-01,   -5.9362435417E-01,   -8.0896975067E-02,    7.8540028040E-01,                  NaN
    3.1250000000E-01,   -5.8879620520E-01,   -8.4489408813E-02,    7.8540028040E-01,                  NaN
    3.2031250000E-01,   -5.8301256864E-01,   -8.7998230190E-02,    7.8540028040E-01,                  NaN
    3.2812500000E-01,   -5.7664069906E-01,   -9.1449943793E-02,    7.8540028040E-01,                  NaN
    3.3593750000E-01,   -5.7011228044E-01,   -9.4888212135E-02,    7.8540028040E-01,                  NaN
    3.4375000000E-01,   -5.6393269787E-01,   -9.8378083698E-02,    7.8540028040E-01,                  NaN
    3.5156250000E-01,   -5.5867218448E-01,   -1.0200801383E-01,    7.8540028040E-01,                  NaN
    3.5937500000E-01,   -5.5492195295E-01,   -1.0588607850E-01,    7.8540028040E-01,                  NaN
    3.6718750000E-01,   -5.5321356586E-01,   -1.1012817056E-01,    7.8540028040E-01,                  NaN
    3.7500000000E-01,   -5.5391756489E-01,   -1.1483886061E-01,    7.8540028040E-01,                  NaN
    3.8281250000E-01,   -5.5715610873E-01,   -1.2008999964E-01,    7.8540028040E-01,                  NaN
    3.9062500000E-01,   -5.6277549803E-01,   -1.2590640023E-01,    7.8540028040E-01,                  NaN
    3.9843750000E-01,   -5.7041228095E-01,   -1.3226834595E-01,    7.8540028040E-01,                  NaN
    4.0625000000E-01,   -5.7964470620E-01,   -1.3913425492E-01,    7.8540028040E-01,                  NaN
    4.1406250000E-01,   -5.9016774100E-01,   -1.4647516525E-01,    7.8540028040E-01,                  NaN
    4.2187500000E-01,   -6.0190205910E-01,   -1.5430295856E-01,    7.8540028040E-01,                  NaN
    4.2968750000E-01,   -6.1497458642E-01,   -1.6267478646E-01,    7.8540028040E-01,                  NaN
    4.3750000000E-01,   -6.2958238851E-01,   -1.7166938911E-01,    7.8540028040E-01,                  NaN
    4.4531250000E-01,   -6.4582468004E-01,   -1.8134914177E-01,    7.8540028040E-01,                  NaN
    4.5312500000E-01,   -6.6360451350E-01,   -1.9173120201E-01,    7.8540028040E-01,                  NaN
    4.6093750000E-01,   -6.8264691777E-01,   -2.0278372249E-01,    7.8540028040E-01,                  NaN
    4.6875000000E-01,   -7.0259570892E-01,   -2.1444391300E-01,    7.8540028040E-01,                  NaN
    4.7656250000E-01,   -7.2310327340E-01,   -2.2663925114E-01,    7.8540028040E-01,                  NaN
    4.8437500000E-01,   -7.4385050749E-01,   -2.3929383481E-01,    7.8540028040E-01,                  NaN
    4.9218750000E-01,   -7.6450116547E-01,   -2.5231695151E-01,    7.8540028040E-01,                  NaN
    5.0000000000E-01,   -7.8464587054E-01,   -2.6558631823E-01,    7.8540028040E-01,                  NaN
    5.0781250000E-01,   -8.0378807944E-01,   -2.7894128312E-01,    7.8540028040E-01,                  NaN
    5.1562500000E-01,   -8.2138191331E-01,   -2.9219155022E-01,    7.8540028040E-01,                  NaN
    5.2343750000E-01,   -8.3689500135E-01,   -3.0513574912E-01,    7.8540028040E-01,                  NaN
    5.3125000000E-01,   -8.4986709255E-01,   -3.1758138899E-01,    7.8540028040E-01,                  NaN
    5.3906250000E-01,   -8.5995664462E-01,   -3.2936291254E-01,    7.8540028040E-01,                  NaN
    5.4687500000E-01,   -8.6698211137E-01,   -3.4035924879E-01,    7.8540028040E-01,                  NaN
    5.5468750000E-01,   -8.7095621958E-01,   -3.5051022448E-01,    7.8540028040E-01,                  NaN
    5.6250000000E-01,   -8.7209279164E-01,   -3.5982486597E-01,    7.8540028040E-01,                  NaN
    5.7031250000E-01,   -8.7076122974E-01,   -3.6837189390E-01,    7.8540028040E-01,                  NaN
    5.7812500000E-01,   -8.6738475206E-01,   -3.7624868850E-01,    7.8540028040E-01,                  NaN
    5.8593750000E-01,   -8.6231305402E-01,   -3.8353721556E-01,    7.8540028040E-01,                  NaN
    5.9375000000E-01,   -8.5572428000E-01,   -3.9026587178E-01,    7.8540028040E-01,                  NaN
    6.0156250000E-01,   -8.4760659397E-01,   -3.9639729580E-01,    7.8540028040E-01,                  NaN
    6.0937500000E-01,   -8.3783487224E-01,   -4.0185154304E-01,    7.8540028040E-01,                  NaN
    6.1718750000E-01,   -8.2630994720E-01,   -4.0655625898E-01,    7.8540028040E-01,                  NaN
    6.2500000000E-01,   -8.1309321187E-01,   -4.1050027829E-01,    7.8540028040E-01,                  NaN
    6.3281250000E-01,   -7.9847049570E-01,   -4.1376411173E-01,    7.8540028040E-01,                  NaN
    6.4062500000E-01,   -7.8291861201E-01,   -4.1651341304E-01,    7.8540028040E-01,                  NaN
    6.4843750000E-01,   -7.6700341212E-01,   -4.1896301441E-01,    7.8540028040E-01,                  NaN
    6.5625000000E-01,   -7.5127405121E-01,   -4.2133568466E-01,    7.8540028040E-01,                  NaN
    6.6406250000E-01,   -7.3621054181E-01,   -4.2383989685E-01,    7.8540028040E-01,                  NaN
    6.7187500000E-01,   -7.2223711511E-01,   -4.2667447758E-01,    7.8540028040E-01,                  NaN
    6.7968750000E-01,   -7.0976577820E-01,   -4.3004722876E-01,    7.8540028040E-01,                  NaN
    6.8750000000E-01,   -6.9921733901E-01,   -4.3418480313E-01,    7.8540028040E-01,                  NaN
    6.9531250000E-01,   -6.9099015763E-01,   -4.3931869581E-01,    7.8540028040E-01,                  NaN
    7.0312500000E-01,   -6.8538839410E-01,   -4.4565005419E-01,    7.8540028040E-01,                  NaN
    7.1093750000E-01,   -6.8254936710E-01,   -4.5331018649E-01,    7.8540028040E-01,                  NaN
    7.1875000000E-01,   -6.8240742371E-01,   -4.6233519440E-01,    7.8540028040E-01,                  NaN
    7.2656250000E-01,   -6.8470847406E-01,   -4.7266417324E-01,    7.8540028040E-01,                  NaN
    7.3437500000E-01,   -6.8906638113E-01,   -4.8415986109E-01,    7.8540028040E-01,                  NaN
    7.4218750000E-01,   -6.9504275704E-01,   -4.9664498864E-01,    7.8540028040E-01,                  NaN
    7.5000000000E-01,   -7.0223206304E-01,   -5.0994610453E-01,    7.8540028040E-01,                  NaN
    7.5781250000E-01,   -7.1033366013E-01,   -5.2393467476E-01,    7.8540028040E-01,                  NaN
    7.6562500000E-01,   -7.1918878349E-01,   -5.3855164539E-01,    7.8540028040E-01,                  NaN
    7.7343750000E-01,   -7.2876227608E-01,   -5.5380152113E-01,    7.8540028040E-01,                  NaN
    7.8125000000E-01,   -7.3906560370E-01,   -5.6971104339E-01,    7.8540028040E-01,                  NaN
    7.8906250000E-01,   -7.5004585742E-01,   -5.8626452809E-01,    7.8540028040E-01,                  NaN
    7.9687500000E-01,   -7.6148842056E-01,   -6.0334333055E-01,    7.8540028040E-01,                  NaN
    8.0468750000E-01,   -7.7298052605E-01,   -6.2069913388E-01,    7.8540028040E-01,                  NaN
    8.1250000000E-01,   -7.8395445041E-01,   -6.3797540682E-01,    7.8540028040E-01,                  NaN
    8.2031250000E-01,   -7.9378792127E-01,   -6.5476634619E-01,    7.8540028040E-01,                  NaN
    8.2812500000E-01,   -8.0191146128E-01,   -6.7068378323E-01,    7.8540028040E-01,                  NaN
    8.3593750000E-01,   -8.0787545952E-01,   -6.8540215288E-01,    7.8540028040E-01,                  NaN
    8.4375000000E-01,   -8.1136034130E-01,   -6.9866928848E-01,    7.8540028040E-01,                  NaN
    8.5156250000E-01,   -8.1214993787E-01,   -7.1029391775E-01,    7.8540028040E-01,                  NaN
    8.5937500000E-01,   -8.1010632096E-01,   -7.2013318540E-01,    7.8540028040E-01,                  NaN
    8.6718750000E-01,   -8.0517324562E-01,   -7.2809754663E-01,    7.8540028040E-01,                  NaN
    8.7500000000E-01,   -7.9740633723E-01,   -7.3417243806E-01,    7.8540028040E-01,                  NaN
    8.8281250000E-01,   -7.8700304110E-01,   -7.3843976504E-01,    7.8540028040E-01,                  NaN
    8.9062500000E-01,   -7.7430128324E-01,   -7.4107910445E-01,    7.8540028040E-01,                  NaN
    8.9843750000E-01,   -7.5973440260E-01,   -7.4234033145E-01,    7.8540028040E-01,                  NaN
    9.0625000000E-01,   -7.4375586006E-01,   -7.4249622529E-01,    7.8540028040E-01,                  NaN
    9.1406250000E-01,   -7.2676321354E-01,   -7.4179404407E-01,    7.8540028040E-01,                  NaN
    9.2187500000E-01,   -7.0904980754E-01,   -7.4042423356E-01,    7.8540028040E-01,                  NaN
    9.2968750000E-01,   -6.9079922979E-01,   -7.3851545954E-01,    7.8540028040E-01,                  NaN
    9.3750000000E-01,   -6.7212118976E-01,   -7.3615463406E-01,    7.8540028040E-01,                  NaN
    9.4531250000E-01,   -6.5311418434E-01,   -7.3342289886E-01,    7.8540028040E-01,                  NaN
    9.5312500000E-01,   -6.3393192659E-01,   -7.3043423608E-01,    7.8540028040E-01,                  NaN
    9.6093750000E-01,   -6.1482808092E-01,   -7.2736210703E-01,    7.8540028040E-01,                  NaN
    9.6875000000E-01,   -5.9615972060E-01,   -7.2444229606E-01,    7.8540028040E-01,                  NaN
    9.7656250000E-01,   -5.7834515644E-01,   -7.2194825961E-01,    7.8540028040E-01,                  NaN
    9.8437500000E-01,   -5.6179166836E-01,   -7.2014703895E-01,    7.8540028040E-01,                  NaN
    9.9218750000E-01,   -5.4682272021E-01,   -7.1925328149E-01,    7.8540028040E-01,                  NaN
    1.0000000000E+00,   -5.3363302055E-01,   -7.1939954395E-01,    7.8540028040E-01,                  NaN
                 NaN,   -5.9160275357E-01,   -3.0632540861E-01,    7.8540028040E-01,                  NaN
