                Time,             Y-Force,      Work integrand,                Mass,           Mass error
    0.0000000000E+00,    8.8817841970E-16,    0.0000000000E+00,    7.8653752187E-01,                  NaN
    1.9531250000E-03,   -4.8173653066E-05,    1.9752541759E-08,    7.8653752187E-01,                  NaN
    3.9062500000E-03,   -2.2626384510E-04,    7.2424648018E-08,    7.8653752187E-01,                  NaN
    5.8593750000E-03,   -5.0550066293E-04,    1.4042318954E-07,    7.8653752187E-01,                  NaN
    7.8125000000E-03,   -8.6228488465E-04,    1.9931970470E-07,    7.8653752187E-01,                  NaN
    9.7656250000E-03,   -1.3135342034E-03,    2.1542504339E-07,    7.8653752187E-01,                  NaN
    1.1718750000E-02,   -1.8823314981E-03,    1.4300694655E-07,    7.8653752187E-01,                  NaN
    1.3671875000E-02,   -2.5675560779E-03,   -7.0963399901E-08,    7.8653752187E-01,                  NaN
    1.5625000000E-02,   -3.3533248422E-03,   -4.8203824434E-07,    7.8653752187E-01,                  NaN
    1.7578125000E-02,   -4.2310302494E-03,   -1.1512181731E-06,    7.8653752187E-01,                  NaN
    1.9531250000E-02,   -5.2041219076E-03,   -2.1501318134E-06,    7.8653752187E-01,                  NaN
    2.1484375000E-02,   -6.2784666864E-03,   -3.5606350321E-06,    7.8653752187E-01,                  NaN
    2.3437500000E-02,   -7.4554852332E-03,   -5.4708288843E-06,    7.8653752187E-01,                  NaN
    2.5390625000E-02,   -8.7339089911E-03,   -7.9740564909E-06,    7.8653752187E-01,                  NaN
    2.7343750000E-02,   -1.0113758604E-02,   -1.1171559490E-05,    7.8653752187E-01,                  NaN
    2.9296875000E-02,   -1.1596845548E-02,   -1.5174177943E-05,    7.8653752187E-01,                  NaN
    3.1250000000E-02,   -1.3184731769E-02,   -2.0100844670E-05,    7.8653752187E-01,                  NaN
    3.3203125000E-02,   -1.4877566027E-02,   -2.6076398270E-05,    7.8653752187E-01,                  NaN
    3.5156250000E-02,   -1.6674783741E-02,   -3.3231529953E-05,    7.8653752187E-01,                  NaN
    3.7109375000E-02,   -1.8576211391E-02,   -4.1704366950E-05,    7.8653752187E-01,                  NaN
    3.9062500000E-02,   -2.0582303753E-02,   -5.1641419851E-05,    7.8653752187E-01,                  NaN
    4.1015625000E-02,   -2.2693689089E-02,   -6.3197075032E-05,    7.8653752187E-01,                  NaN
    4.2968750000E-02,   -2.4910812150E-02,   -7.6532747408E-05,    7.8653752187E-01,                  NaN
    4.4921875000E-02,   -2.7233974812E-02,   -9.1816767074E-05,    7.8653752187E-01,                  NaN
    4.6875000000E-02,   -2.9663498979E-02,   -1.0922475900E-04,    7.8653752187E-01,                  NaN
    4.8828125000E-02,   -3.2199730749E-02,   -1.2893969399E-04,    7.8653752187E-01,                  NaN
    5.0781250000E-02,   -3.4842920126E-02,   -1.5115142082E-04,    7.8653752187E-01,                  NaN
    5.2734375000E-02,   -3.7593157902E-02,   -1.7605619860E-04,    7.8653752187E-01,                  NaN
    5.4687500000E-02,   -4.0450436487E-02,   -2.0385666253E-04,    7.8653752187E-01,                  NaN
    5.6640625000E-02,   -4.3414757346E-02,   -2.3476212080E-04,    7.8653752187E-01,                  NaN
    5.8593750000E-02,   -4.6486199955E-02,   -2.6898884533E-04,    7.8653752187E-01,                  NaN
    6.0546875000E-02,   -4.9664943219E-02,   -3.0676022503E-04,    7.8653752187E-01,                  NaN
    6.2500000000E-02,   -5.2951272318E-02,   -3.4830688246E-04,    7.8653752187E-01,                  NaN
    6.4453125000E-02,   -5.6345584867E-02,   -3.9386682733E-04,    7.8653752187E-01,                  NaN
    6.6406250000E-02,   -5.9848381638E-02,   -4.4368555740E-04,    7.8653752187E-01,                  NaN
    6.8359375000E-02,   -6.3460227155E-02,   -4.9801596028E-04,    7.8653752187E-01,                  NaN
    7.0312500000E-02,   -6.7181684432E-02,   -5.5711795810E-04,    7.8653752187E-01,                  NaN
    7.2265625000E-02,   -7.1013240121E-02,   -6.2125794234E-04,    7.8653752187E-01,                  NaN
    7.4218750000E-02,   -7.4955233732E-02,   -6.9070807307E-04,    7.8653752187E-01,                  NaN
    7.6171875000E-02,   -7.9007797050E-02,   -7.6574548886E-04,    7.8653752187E-01,                  NaN
    7.8125000000E-02,   -8.3170806367E-02,   -8.4665145800E-04,    7.8653752187E-01,                  NaN
    8.0078125000E-02,   -8.7443850871E-02,   -9.3371051909E-04,    7.8653752187E-01,                  NaN
    8.2031250000E-02,   -9.1826221056E-02,   -1.0272096842E-03,    7.8653752187E-01,                  NaN
    8.3984375000E-02,   -9.6316918939E-02,   -1.1274377771E-03,    7.8653752187E-01,                  NaN
    8.5937500000E-02,   -1.0091468844E-01,   -1.2346849538E-03,    7.8653752187E-01,                  NaN
    8.7890625000E-02,   -1.0561806182E-01,   -1.3492424250E-03,    7.8653752187E-01,                  NaN
    8.9843750000E-02,   -1.1042541765E-01,   -1.4714023850E-03,    7.8653752187E-01,                  NaN
    9.1796875000E-02,   -1.1533504632E-01,   -1.6014581500E-03,    7.8653752187E-01,                  NaN
    9.3750000000E-02,   -1.2034521966E-01,   -1.7397045034E-03,    7.8653752187E-01,                  NaN
    9.5703125000E-02,   -1.2545426091E-01,   -1.8864382328E-03,    7.8653752187E-01,                  NaN
    9.7656250000E-02,   -1.3066061129E-01,   -2.0419588254E-03,    7.8653752187E-01,                  NaN
    9.9609375000E-02,   -1.3596288962E-01,   -2.2065692798E-03,    7.8653752187E-01,                  NaN
    1.0156250000E-01,   -1.4135994220E-01,   -2.3805769852E-03,    7.8653752187E-01,                  NaN
    1.0351562500E-01,   -1.4685088054E-01,   -2.5642946131E-03,    7.8653752187E-01,                  NaN
    1.0546875000E-01,   -1.5243510504E-01,   -2.7580409579E-03,    7.8653752187E-01,                  NaN
    1.0742187500E-01,   -1.5811231272E-01,   -2.9621416522E-03,    7.8653752187E-01,                  NaN
    1.0937500000E-01,   -1.6388248789E-01,   -3.1769296828E-03,    7.8653752187E-01,                  NaN
    1.1132812500E-01,   -1.6974587550E-01,   -3.4027456346E-03,    7.8653752187E-01,                  NaN
    1.1328125000E-01,   -1.7570293768E-01,   -3.6399376024E-03,    7.8653752187E-01,                  NaN
    1.1523437500E-01,   -1.8175429486E-01,   -3.8888607190E-03,    7.8653752187E-01,                  NaN
    1.1718750000E-01,   -1.8790065360E-01,   -4.1498762671E-03,    7.8653752187E-01,                  NaN
    1.1914062500E-01,   -1.9414272371E-01,   -4.4233503558E-03,    7.8653752187E-01,                  NaN
    1.2109375000E-01,   -2.0048112790E-01,   -4.7096521660E-03,    7.8653752187E-01,                  NaN
    1.2304687500E-01,   -2.0691630735E-01,   -5.0091517839E-03,    7.8653752187E-01,                  NaN
    1.2500000000E-01,   -2.1344842650E-01,   -5.3222176577E-03,    7.8653752187E-01,                  NaN
    1.2695312500E-01,   -2.2007728024E-01,   -5.6492137243E-03,    7.8653752187E-01,                  NaN
    1.2890625000E-01,   -2.2680220636E-01,   -5.9904962624E-03,    7.8653752187E-01,                  NaN
    1.3085937500E-01,   -2.3362200553E-01,   -6.3464105320E-03,    7.8653752187E-01,                  NaN
    1.3281250000E-01,   -2.4053487116E-01,   -6.7172872695E-03,    7.8653752187E-01,                  NaN
    1.3476562500E-01,   -2.4753833037E-01,   -7.1034391082E-03,    7.8653752187E-01,                  NaN
    1.3671875000E-01,   -2.5462919766E-01,   -7.5051569953E-03,    7.8653752187E-01,                  NaN
    1.3867187500E-01,   -2.6180354214E-01,   -7.9227066844E-03,    7.8653752187E-01,                  NaN
    1.4062500000E-01,   -2.6905666899E-01,   -8.3563253774E-03,    7.8653752187E-01,                  NaN
    1.4257812500E-01,   -2.7638311579E-01,   -8.8062185982E-03,    7.8653752187E-01,                  NaN
    1.4453125000E-01,   -2.8377666380E-01,   -9.2725573748E-03,    7.8653752187E-01,                  NaN
    1.4648437500E-01,   -2.9123036430E-01,   -9.7554758090E-03,    7.8653752187E-01,                  NaN
    1.4843750000E-01,   -2.9873657955E-01,   -1.0255069103E-02,    7.8653752187E-01,                  NaN
    1.5039062500E-01,   -3.0628703776E-01,   -1.0771392107E-02,    7.8653752187E-01,                  NaN
    1.5234375000E-01,   -3.1387290097E-01,   -1.1304458439E-02,    7.8653752187E-01,                  NaN
    1.5429687500E-01,   -3.2148484442E-01,   -1.1854240209E-02,    7.8653752187E-01,                  NaN
    1.5625000000E-01,   -3.2911314559E-01,   -1.2420668368E-02,    7.8653752187E-01,                  NaN
    1.5820312500E-01,   -3.3674778065E-01,   -1.3003633674E-02,    7.8653752187E-01,                  NaN
    1.6015625000E-01,   -3.4437852603E-01,   -1.3602988251E-02,    7.8653752187E-01,                  NaN
    1.6210937500E-01,   -3.5199506230E-01,   -1.4218547688E-02,    7.8653752187E-01,                  NaN
    1.6406250000E-01,   -3.5958707784E-01,   -1.4850093621E-02,    7.8653752187E-01,                  NaN
    1.6601562500E-01,   -3.6714436937E-01,   -1.5497376703E-02,    7.8653752187E-01,                  NaN
    1.6796875000E-01,   -3.7465693717E-01,   -1.6160119877E-02,    7.8653752187E-01,                  NaN
    1.6992187500E-01,   -3.8211507232E-01,   -1.6838021833E-02,    7.8653752187E-01,                  NaN
    1.7187500000E-01,   -3.8950943445E-01,   -1.7530760558E-02,    7.8653752187E-01,                  NaN
    1.7382812500E-01,   -3.9683111828E-01,   -1.8237996863E-02,    7.8653752187E-01,                  NaN
    1.7578125000E-01,   -4.0407170807E-01,   -1.8959377791E-02,    7.8653752187E-01,                  NaN
    1.7773437500E-01,   -4.1122331947E-01,   -1.9694539831E-02,    7.8653752187E-01,                  NaN
    1.7968750000E-01,   -4.1827862879E-01,   -2.0443111851E-02,    7.8653752187E-01,                  NaN
    1.8164062500E-01,   -4.2523089012E-01,   -2.1204717714E-02,    7.8653752187E-01,                  NaN
    1.8359375000E-01,   -4.3207394120E-01,   -2.1978978534E-02,    7.8653752187E-01,                  NaN
    1.8554687500E-01,   -4.3880219916E-01,   -2.2765514561E-02,    7.8653752187E-01,                  NaN
    1.8750000000E-01,   -4.4541064759E-01,   -2.3563946704E-02,    7.8653752187E-01,                  NaN
    1.8945312500E-01,   -4.5189481653E-01,   -2.4373897702E-02,    7.8653752187E-01,                  NaN
    1.9140625000E-01,   -4.5825075698E-01,   -2.5194992984E-02,    7.8653752187E-01,                  NaN
    1.9335937500E-01,   -4.6447501151E-01,   -2.6026861260E-02,    7.8653752187E-01,                  NaN
    1.9531250000E-01,   -4.7056458257E-01,   -2.6869134894E-02,    7.8653752187E-01,                  NaN
    1.9726562500E-01,   -4.7651689975E-01,   -2.7721450105E-02,    7.8653752187E-01,                  NaN
    1.9921875000E-01,   -4.8232978729E-01,   -2.8583447059E-02,    7.8653752187E-01,                  NaN
    2.0117187500E-01,   -4.8800143262E-01,   -2.9454769888E-02,    7.8653752187E-01,                  NaN
    2.0312500000E-01,   -4.9353035677E-01,   -3.0335066690E-02,    7.8653752187E-01,                  NaN
    2.0507812500E-01,   -4.9891538698E-01,   -3.1223989533E-02,    7.8653752187E-01,                  NaN
    2.0703125000E-01,   -5.0415563186E-01,   -3.2121194502E-02,    7.8653752187E-01,                  NaN
    2.0898437500E-01,   -5.0925045912E-01,   -3.3026341787E-02,    7.8653752187E-01,                  NaN
    2.1093750000E-01,   -5.1419947571E-01,   -3.3939095833E-02,    7.8653752187E-01,                  NaN
    2.1289062500E-01,   -5.1900251007E-01,   -3.4859125542E-02,    7.8653752187E-01,                  NaN
    2.1484375000E-01,   -5.2365959632E-01,   -3.5786104508E-02,    7.8653752187E-01,                  NaN
    2.1679687500E-01,   -5.2817095962E-01,   -3.6719711279E-02,    7.8653752187E-01,                  NaN
    2.1875000000E-01,   -5.3253700263E-01,   -3.7659629606E-02,    7.8653752187E-01,                  NaN
    2.2070312500E-01,   -5.3675829228E-01,   -3.8605548656E-02,    7.8653752187E-01,                  NaN
    2.2265625000E-01,   -5.4083554662E-01,   -3.9557163161E-02,    7.8653752187E-01,                  NaN
    2.2460937500E-01,   -5.4476962117E-01,   -4.0514173458E-02,    7.8653752187E-01,                  NaN
    2.2656250000E-01,   -5.4856149469E-01,   -4.1476285396E-02,    7.8653752187E-01,                  NaN
    2.2851562500E-01,   -5.5221225385E-01,   -4.2443210083E-02,    7.8653752187E-01,                  NaN
    2.3046875000E-01,   -5.5572307681E-01,   -4.3414663439E-02,    7.8653752187E-01,                  NaN
    2.3242187500E-01,   -5.5909521561E-01,   -4.4390365546E-02,    7.8653752187E-01,                  NaN
    2.3437500000E-01,   -5.6232997746E-01,   -4.5370039774E-02,    7.8653752187E-01,                  NaN
    2.3632812500E-01,   -5.6542870500E-01,   -4.6353411697E-02,    7.8653752187E-01,                  NaN
    2.3828125000E-01,   -5.6839275573E-01,   -4.7340207780E-02,    7.8653752187E-01,                  NaN
    2.4023437500E-01,   -5.7122348117E-01,   -4.8330153872E-02,    7.8653752186E-01,                  NaN
    2.4218750000E-01,   -5.7392220582E-01,   -4.9322973527E-02,    7.8653752186E-01,                  NaN
    2.4414062500E-01,   -5.7649020670E-01,   -5.0318386185E-02,    7.8653752186E-01,                  NaN
    2.4609375000E-01,   -5.7892869382E-01,   -5.1316105257E-02,    7.8653752186E-01,                  NaN
    2.4804687500E-01,   -5.8123879228E-01,   -5.2315836176E-02,    7.8653752186E-01,                  NaN
    2.5000000000E-01,   -5.8342152644E-01,   -5.3317274468E-02,    7.8653752186E-01,                  NaN
    2.5195312500E-01,   -5.8547780683E-01,   -5.4320103914E-02,    7.8653752186E-01,                  NaN
    2.5390625000E-01,   -5.8740842036E-01,   -5.5323994876E-02,    7.8653752186E-01,                  NaN
    2.5585937500E-01,   -5.8921402426E-01,   -5.6328602848E-02,    7.8653752186E-01,                  NaN
    2.5781250000E-01,   -5.9089514426E-01,   -5.7333567332E-02,    7.8653752186E-01,                  NaN
    2.5976562500E-01,   -5.9245217729E-01,   -5.8338511078E-02,    7.8653752186E-01,                  NaN
    2.6171875000E-01,   -5.9388539911E-01,   -5.9343039788E-02,    7.8653752186E-01,                  NaN
    2.6367187500E-01,   -5.9519497674E-01,   -6.0346742307E-02,    7.8653752186E-01,                  NaN
    2.6562500000E-01,   -5.9638098598E-01,   -6.1349191385E-02,    7.8653752186E-01,                  NaN
    2.6757812500E-01,   -5.9744343367E-01,   -6.2349945021E-02,    7.8653752186E-01,                  NaN
    2.6953125000E-01,   -5.9838228462E-01,   -6.3348548438E-02,    7.8653752186E-01,                  NaN
    2.7148437500E-01,   -5.9919749271E-01,   -6.4344536672E-02,    7.8653752186E-01,                  NaN
    2.7343750000E-01,   -5.9988903582E-01,   -6.5337437810E-02,    7.8653752186E-01,                  NaN
    2.7539062500E-01,   -6.0045695373E-01,   -6.6326776814E-02,    7.8653752186E-01,                  NaN
    2.7734375000E-01,   -6.0090138856E-01,   -6.7312079931E-02,    7.8653752186E-01,                  NaN
    2.7929687500E-01,   -6.0122262681E-01,   -6.8292879615E-02,    7.8653752186E-01,                  NaN
    2.8125000000E-01,   -6.0142114216E-01,   -6.9268719914E-02,    7.8653752186E-01,                  NaN
    2.8320312500E-01,   -6.0149763817E-01,   -7.0239162224E-02,    7.8653752186E-01,                  NaN
    2.8515625000E-01,   -6.0145309010E-01,   -7.1203791343E-02,    7.8653752186E-01,                  NaN
    2.8710937500E-01,   -6.0128878471E-01,   -7.2162221709E-02,    7.8653752186E-01,                  NaN
    2.8906250000E-01,   -6.0100635747E-01,   -7.3114103729E-02,    7.8653752186E-01,                  NaN
    2.9101562500E-01,   -6.0060782622E-01,   -7.4059130090E-02,    7.8653752186E-01,                  NaN
    2.9296875000E-01,   -6.0009562061E-01,   -7.4997041932E-02,    7.8653752186E-01,                  NaN
    2.9492187500E-01,   -5.9947260664E-01,   -7.5927634793E-02,    7.8653752186E-01,                  NaN
    2.9687500000E-01,   -5.9874210592E-01,   -7.6850764200E-02,    7.8653752186E-01,                  NaN
    2.9882812500E-01,   -5.9790790901E-01,   -7.7766350829E-02,    7.8653752186E-01,                  NaN
    3.0078125000E-01,   -5.9697428277E-01,   -7.8674385127E-02,    7.8653752186E-01,                  NaN
    3.0273437500E-01,   -5.9594597145E-01,   -7.9574931320E-02,    7.8653752186E-01,                  NaN
    3.0468750000E-01,   -5.9482819137E-01,   -8.0468130744E-02,    7.8653752186E-01,                  NaN
    3.0664062500E-01,   -5.9362661957E-01,   -8.1354204437E-02,    7.8653752186E-01,                  NaN
    3.0859375000E-01,   -5.9234737634E-01,   -8.2233454950E-02,    7.8653752186E-01,                  NaN
    3.1054687500E-01,   -5.9099700203E-01,   -8.3106267359E-02,    7.8653752186E-01,                  NaN
    3.1250000000E-01,   -5.8958242867E-01,   -8.3973109451E-02,    7.8653752186E-01,                  NaN
    3.1445312500E-01,   -5.8811094663E-01,   -8.4834531091E-02,    7.8653752186E-01,                  NaN
    3.1640625000E-01,   -5.8659016711E-01,   -8.5691162786E-02,    7.8653752186E-01,                  NaN
    3.1835937500E-01,   -5.8502798095E-01,   -8.6543713467E-02,    7.8653752186E-01,                  NaN
    3.2031250000E-01,   -5.8343251434E-01,   -8.7392967533E-02,    7.8653752186E-01,                  NaN
    3.2226562500E-01,   -5.8181208229E-01,   -8.8239781201E-02,    7.8653752186E-01,                  NaN
    3.2421875000E-01,   -5.8017514030E-01,   -8.9085078221E-02,    7.8653752186E-01,                  NaN
    3.2617187500E-01,   -5.7853023512E-01,   -8.9929845022E-02,    7.8653752186E-01,                  NaN
    3.2812500000E-01,   -5.7688595512E-01,   -9.0775125355E-02,    7.8653752186E-01,                  NaN
    3.3007812500E-01,   -5.7525088082E-01,   -9.1622014517E-02,    7.8653752186E-01,                  NaN
    3.3203125000E-01,   -5.7363353641E-01,   -9.2471653216E-02,    7.8653752186E-01,                  NaN
    3.3398437500E-01,   -5.7204234252E-01,   -9.3325221172E-02,    7.8653752186E-01,                  NaN
    3.3593750000E-01,   -5.7048557087E-01,   -9.4183930524E-02,    7.8653752186E-01,                  NaN
    3.3789062500E-01,   -5.6897130124E-01,   -9.5049019112E-02,    7.8653752186E-01,                  NaN
    3.3984375000E-01,   -5.6750738100E-01,   -9.5921743720E-02,    7.8653752186E-01,                  NaN
    3.4179687500E-01,   -5.6610138764E-01,   -9.6803373349E-02,    7.8653752186E-01,                  NaN
    3.4375000000E-01,   -5.6476059455E-01,   -9.7695182577E-02,    7.8653752186E-01,                  NaN
    3.4570312500E-01,   -5.6349194009E-01,   -9.8598445076E-02,    7.8653752186E-01,                  NaN
    3.4765625000E-01,   -5.6230200031E-01,   -9.9514427346E-02,    7.8653752186E-01,                  NaN
    3.4960937500E-01,   -5.6119696531E-01,   -1.0044438271E-01,    7.8653752186E-01,                  NaN
    3.5156250000E-01,   -5.6018261928E-01,   -1.0138954564E-01,    7.8653752186E-01,                  NaN
    3.5351562500E-01,   -5.5926432430E-01,   -1.0235112641E-01,    7.8653752186E-01,                  NaN
    3.5546875000E-01,   -5.5844700788E-01,   -1.0333030619E-01,    7.8653752186E-01,                  NaN
    3.5742187500E-01,   -5.5773515417E-01,   -1.0432823254E-01,    7.8653752186E-01,                  NaN
    3.5937500000E-01,   -5.5713279882E-01,   -1.0534601539E-01,    7.8653752186E-01,                  NaN
    3.6132812500E-01,   -5.5664352739E-01,   -1.0638472350E-01,    7.8653752186E-01,                  NaN
    3.6328125000E-01,   -5.5627047727E-01,   -1.0744538146E-01,    7.8653752186E-01,                  NaN
    3.6523437500E-01,   -5.5601634283E-01,   -1.0852896720E-01,    7.8653752186E-01,                  NaN
    3.6718750000E-01,   -5.5588338393E-01,   -1.0963641008E-01,    7.8653752186E-01,                  NaN
    3.6914062500E-01,   -5.5587343746E-01,   -1.1076858952E-01,    7.8653752186E-01,                  NaN
    3.7109375000E-01,   -5.5598793181E-01,   -1.1192633425E-01,    7.8653752186E-01,                  NaN
    3.7304687500E-01,   -5.5622790417E-01,   -1.1311042210E-01,    7.8653752186E-01,                  NaN
    3.7500000000E-01,   -5.5659402035E-01,   -1.1432158036E-01,    7.8653752186E-01,                  NaN
    3.7695312500E-01,   -5.5708659704E-01,   -1.1556048678E-01,    7.8653752186E-01,                  NaN
    3.7890625000E-01,   -5.5770562625E-01,   -1.1682777108E-01,    7.8653752186E-01,                  NaN
    3.8085937500E-01,   -5.5845080159E-01,   -1.1812401698E-01,    7.8653752186E-01,                  NaN
    3.8281250000E-01,   -5.5932154631E-01,   -1.1944976480E-01,    7.8653752186E-01,                  NaN
    3.8476562500E-01,   -5.6031704259E-01,   -1.2080551450E-01,    7.8653752186E-01,                  NaN
    3.8671875000E-01,   -5.6143626200E-01,   -1.2219172918E-01,    7.8653752186E-01,                  NaN
    3.8867187500E-01,   -5.6267799648E-01,   -1.2360883894E-01,    7.8653752186E-01,                  NaN
    3.9062500000E-01,   -5.6404088987E-01,   -1.2505724509E-01,    7.8653752186E-01,                  NaN
    3.9257812500E-01,   -5.6552346922E-01,   -1.2653732463E-01,    7.8653752186E-01,                  NaN
    3.9453125000E-01,   -5.6712417573E-01,   -1.2804943490E-01,    7.8653752186E-01,                  NaN
    3.9648437500E-01,   -5.6884139485E-01,   -1.2959391828E-01,    7.8653752186E-01,                  NaN
    3.9843750000E-01,   -5.7067348501E-01,   -1.3117110703E-01,    7.8653752186E-01,                  NaN
    4.0039062500E-01,   -5.7261880477E-01,   -1.3278132796E-01,    7.8653752186E-01,                  NaN
    4.0234375000E-01,   -5.7467573779E-01,   -1.3442490691E-01,    7.8653752186E-01,                  NaN
    4.0429687500E-01,   -5.7684271539E-01,   -1.3610217304E-01,    7.8653752186E-01,                  NaN
    4.0625000000E-01,   -5.7911823625E-01,   -1.3781346272E-01,    7.8653752186E-01,                  NaN
    4.0820312500E-01,   -5.8150088297E-01,   -1.3955912291E-01,    7.8653752186E-01,                  NaN
    4.1015625000E-01,   -5.8398933517E-01,   -1.4133951410E-01,    7.8653752186E-01,                  NaN
    4.1210937500E-01,   -5.8658237893E-01,   -1.4315501249E-01,    7.8653752186E-01,                  NaN
    4.1406250000E-01,   -5.8927891237E-01,   -1.4500601155E-01,    7.8653752186E-01,                  NaN
    4.1601562500E-01,   -5.9207794725E-01,   -1.4689292277E-01,    7.8653752186E-01,                  NaN
    4.1796875000E-01,   -5.9497860654E-01,   -1.4881617558E-01,    7.8653752186E-01,                  NaN
    4.1992187500E-01,   -5.9798011796E-01,   -1.5077621638E-01,    7.8653752186E-01,                  NaN
    4.2187500000E-01,   -6.0108180355E-01,   -1.5277350672E-01,    7.8653752186E-01,                  NaN
    4.2382812500E-01,   -6.0428306552E-01,   -1.5480852049E-01,    7.8653752186E-01,                  NaN
    4.2578125000E-01,   -6.0758336844E-01,   -1.5688174030E-01,    7.8653752186E-01,                  NaN
    4.2773437500E-01,   -6.1098221818E-01,   -1.5899365291E-01,    7.8653752186E-01,                  NaN
    4.2968750000E-01,   -6.1447913788E-01,   -1.6114474382E-01,    7.8653752186E-01,                  NaN
    4.3164062500E-01,   -6.1807364132E-01,   -1.6333549109E-01,    7.8653752186E-01,                  NaN
    4.3359375000E-01,   -6.2176520422E-01,   -1.6556635845E-01,    7.8653752186E-01,                  NaN
    4.3554687500E-01,   -6.2555323388E-01,   -1.6783778772E-01,    7.8653752186E-01,                  NaN
    4.3750000000E-01,   -6.2943703758E-01,   -1.7015019073E-01,    7.8653752186E-01,                  NaN
    4.3945312500E-01,   -6.3341579053E-01,   -1.7250394081E-01,    7.8653752186E-01,                  NaN
    4.4140625000E-01,   -6.3748850352E-01,   -1.7489936390E-01,    7.8653752186E-01,                  NaN
    4.4335937500E-01,   -6.4165399116E-01,   -1.7733672954E-01,    7.8653752186E-01,                  NaN
    4.4531250000E-01,   -6.4591084104E-01,   -1.7981624174E-01,    7.8653752186E-01,                  NaN
    4.4726562500E-01,   -6.5025738433E-01,   -1.8233802989E-01,    7.8653752186E-01,                  NaN
    4.4921875000E-01,   -6.5469166834E-01,   -1.8490213990E-01,    7.8653752186E-01,                  NaN
    4.5117187500E-01,   -6.5921143151E-01,   -1.8750852568E-01,    7.8653752186E-01,                  NaN
    4.5312500000E-01,   -6.6381408110E-01,   -1.9015704092E-01,    7.8653752186E-01,                  NaN
    4.5507812500E-01,   -6.6849667409E-01,   -1.9284743161E-01,    7.8653752186E-01,                  NaN
    4.5703125000E-01,   -6.7325590147E-01,   -1.9557932911E-01,    7.8653752186E-01,                  NaN
    4.5898437500E-01,   -6.7808807624E-01,   -1.9835224398E-01,    7.8653752186E-01,                  NaN
    4.6093750000E-01,   -6.8298912531E-01,   -2.0116556073E-01,    7.8653752186E-01,                  NaN
    4.6289062500E-01,   -6.8795458531E-01,   -2.0401853344E-01,    7.8653752186E-01,                  NaN
    4.6484375000E-01,   -6.9297960262E-01,   -2.0691028243E-01,    7.8653752186E-01,                  NaN
    4.6679687500E-01,   -6.9805893738E-01,   -2.0983979191E-01,    7.8653752186E-01,                  NaN
    4.6875000000E-01,   -7.0318697164E-01,   -2.1280590881E-01,    7.8653752186E-01,                  NaN
    4.7070312500E-01,   -7.0835772151E-01,   -2.1580734261E-01,    7.8653752186E-01,                  NaN
    4.7265625000E-01,   -7.1356485305E-01,   -2.1884266644E-01,    7.8653752186E-01,                  NaN
    4.7460937500E-01,   -7.1880170201E-01,   -2.2191031914E-01,    7.8653752186E-01,                  NaN
    4.7656250000E-01,   -7.2406129687E-01,   -2.2500860861E-01,    7.8653752186E-01,                  NaN
    4.7851562500E-01,   -7.2933638520E-01,   -2.2813571606E-01,    7.8653752186E-01,                  NaN
    4.8046875000E-01,   -7.3461946288E-01,   -2.3128970151E-01,    7.8653752186E-01,                  NaN
    4.8242187500E-01,   -7.3990280600E-01,   -2.3446851012E-01,    7.8653752186E-01,                  NaN
    4.8437500000E-01,   -7.4517850502E-01,   -2.3766997959E-01,    7.8653752186E-01,                  NaN
    4.8632812500E-01,   -7.5043850088E-01,   -2.4089184839E-01,    7.8653752186E-01,                  NaN
    4.8828125000E-01,   -7.5567462277E-01,   -2.4413176482E-01,    7.8653752186E-01,                  NaN
    4.9023437500E-01,   -7.6087862702E-01,   -2.4738729678E-01,    7.8653752186E-01,                  NaN
    4.9218750000E-01,   -7.6604223699E-01,   -2.5065594223E-01,    7.8653752186E-01,                  NaN
    4.9414062500E-01,   -7.7115718333E-01,   -2.5393514020E-01,    7.8653752186E-01,                  NaN
    4.9609375000E-01,   -7.7621524446E-01,   -2.5722228218E-01,    7.8653752186E-01,                  NaN
    4.9804687500E-01,   -7.8120828671E-01,   -2.6051472403E-01,    7.8653752186E-01,                  NaN
    5.0000000000E-01,   -7.8612830389E-01,   -2.6380979797E-01,    7.8653752186E-01,                  NaN
    5.0195312500E-01,   -7.9096745591E-01,   -2.6710482483E-01,    7.8653752186E-01,                  NaN
    5.0390625000E-01,   -7.9571810600E-01,   -2.7039712631E-01,    7.8653752186E-01,                  NaN
    5.0585937500E-01,   -8.0037285641E-01,   -2.7368403719E-01,    7.8653752186E-01,                  NaN
    5.0781250000E-01,   -8.0492458201E-01,   -2.7696291732E-01,    7.8653752186E-01,                  NaN
    5.0976562500E-01,   -8.0936646177E-01,   -2.8023116338E-01,    7.8653752186E-01,                  NaN
    5.1171875000E-01,   -8.1369200755E-01,   -2.8348622017E-01,    7.8653752186E-01,                  NaN
    5.1367187500E-01,   -8.1789509021E-01,   -2.8672559150E-01,    7.8653752186E-01,                  NaN
    5.1562500000E-01,   -8.2196996261E-01,   -2.8994685038E-01,    7.8653752186E-01,                  NaN
    5.1757812500E-01,   -8.2591127945E-01,   -2.9314764856E-01,    7.8653752186E-01,                  NaN
    5.1953125000E-01,   -8.2971411364E-01,   -2.9632572529E-01,    7.8653752186E-01,                  NaN
    5.2148437500E-01,   -8.3337396914E-01,   -2.9947891517E-01,    7.8653752186E-01,                  NaN
    5.2343750000E-01,   -8.3688679024E-01,   -3.0260515507E-01,    7.8653752186E-01,                  NaN
    5.2539062500E-01,   -8.4024896696E-01,   -3.0570249001E-01,    7.8653752186E-01,                  NaN
    5.2734375000E-01,   -8.4345733690E-01,   -3.0876907804E-01,    7.8653752186E-01,                  NaN
    5.2929687500E-01,   -8.4650918319E-01,   -3.1180319385E-01,    7.8653752186E-01,                  NaN
    5.3125000000E-01,   -8.4940222889E-01,   -3.1480323142E-01,    7.8653752186E-01,                  NaN
    5.3320312500E-01,   -8.5213462779E-01,   -3.1776770531E-01,    7.8653752186E-01,                  NaN
    5.3515625000E-01,   -8.5470495171E-01,   -3.2069525092E-01,    7.8653752186E-01,                  NaN
    5.3710937500E-01,   -8.5711217466E-01,   -3.2358462352E-01,    7.8653752186E-01,                  NaN
    5.3906250000E-01,   -8.5935565394E-01,   -3.2643469617E-01,    7.8653752186E-01,                  NaN
    5.4101562500E-01,   -8.6143510847E-01,   -3.2924445651E-01,    7.8653752186E-01,                  NaN
    5.4296875000E-01,   -8.6335059475E-01,   -3.3201300257E-01,    7.8653752186E-01,                  NaN
    5.4492187500E-01,   -8.6510248063E-01,   -3.3473953758E-01,    7.8653752186E-01,                  NaN
    5.4687500000E-01,   -8.6669141745E-01,   -3.3742336394E-01,    7.8653752186E-01,                  NaN
    5.4882812500E-01,   -8.6811831085E-01,   -3.4006387642E-01,    7.8653752186E-01,                  NaN
    5.5078125000E-01,   -8.6938429057E-01,   -3.4266055470E-01,    7.8653752186E-01,                  NaN
    5.5273437500E-01,   -8.7049067990E-01,   -3.4521295538E-01,    7.8653752186E-01,                  NaN
    5.5468750000E-01,   -8.7143896501E-01,   -3.4772070364E-01,    7.8653752186E-01,                  NaN
    5.5664062500E-01,   -8.7223076468E-01,   -3.5018348459E-01,    7.8653752186E-01,                  NaN
    5.5859375000E-01,   -8.7286780095E-01,   -3.5260103464E-01,    7.8653752186E-01,                  NaN
    5.6054687500E-01,   -8.7335187105E-01,   -3.5497313279E-01,    7.8653752186E-01,                  NaN
    5.6250000000E-01,   -8.7368482093E-01,   -3.5729959226E-01,    7.8653752186E-01,                  NaN
    5.6445312500E-01,   -8.7386852096E-01,   -3.5958025243E-01,    7.8653752186E-01,                  NaN
    5.6640625000E-01,   -8.7390484400E-01,   -3.6181497128E-01,    7.8653752186E-01,                  NaN
    5.6835937500E-01,   -8.7379564620E-01,   -3.6400361854E-01,    7.8653752186E-01,                  NaN
    5.7031250000E-01,   -8.7354275078E-01,   -3.6614606956E-01,    7.8653752186E-01,                  NaN
    5.7226562500E-01,   -8.7314793511E-01,   -3.6824220011E-01,    7.8653752186E-01,                  NaN
    5.7421875000E-01,   -8.7261292107E-01,   -3.7029188221E-01,    7.8653752186E-01,                  NaN
    5.7617187500E-01,   -8.7193936906E-01,   -3.7229498101E-01,    7.8653752186E-01,                  NaN
    5.7812500000E-01,   -8.7112887550E-01,   -3.7425135288E-01,    7.8653752186E-01,                  NaN
    5.8007812500E-01,   -8.7018297401E-01,   -3.7616084472E-01,    7.8653752186E-01,                  NaN
    5.8203125000E-01,   -8.6910314000E-01,   -3.7802329449E-01,    7.8653752186E-01,                  NaN
    5.8398437500E-01,   -8.6789079887E-01,   -3.7983853311E-01,    7.8653752186E-01,                  NaN
    5.8593750000E-01,   -8.6654733730E-01,   -3.8160638751E-01,    7.8653752186E-01,                  NaN
    5.8789062500E-01,   -8.6507411778E-01,   -3.8332668500E-01,    7.8653752186E-01,                  NaN
    5.8984375000E-01,   -8.6347249577E-01,   -3.8499925877E-01,    7.8653752186E-01,                  NaN
    5.9179687500E-01,   -8.6174383941E-01,   -3.8662395458E-01,    7.8653752186E-01,                  NaN
    5.9375000000E-01,   -8.5988955142E-01,   -3.8820063838E-01,    7.8653752186E-01,                  NaN
    5.9570312500E-01,   -8.5791109272E-01,   -3.8972920494E-01,    7.8653752186E-01,                  NaN
    5.9765625000E-01,   -8.5581000739E-01,   -3.9120958727E-01,    7.8653752186E-01,                  NaN
    5.9960937500E-01,   -8.5358794868E-01,   -3.9264176671E-01,    7.8653752186E-01,                  NaN
    6.0156250000E-01,   -8.5124670545E-01,   -3.9402578350E-01,    7.8653752186E-01,                  NaN
    6.0351562500E-01,   -8.4878822874E-01,   -3.9536174783E-01,    7.8653752186E-01,                  NaN
    6.0546875000E-01,   -8.4621465796E-01,   -3.9664985101E-01,    7.8653752186E-01,                  NaN
    6.0742187500E-01,   -8.4352834630E-01,   -3.9789037671E-01,    7.8653752186E-01,                  NaN
    6.0937500000E-01,   -8.4073188492E-01,   -3.9908371213E-01,    7.8653752186E-01,                  NaN
    6.1132812500E-01,   -8.3782812550E-01,   -4.0023035878E-01,    7.8653752186E-01,                  NaN
    6.1328125000E-01,   -8.3482020086E-01,   -4.0133094293E-01,    7.8653752186E-01,                  NaN
    6.1523437500E-01,   -8.3171154317E-01,   -4.0238622528E-01,    7.8653752186E-01,                  NaN
    6.1718750000E-01,   -8.2850589952E-01,   -4.0339711003E-01,    7.8653752186E-01,                  NaN
    6.1914062500E-01,   -8.2520734465E-01,   -4.0436465287E-01,    7.8653752186E-01,                  NaN
    6.2109375000E-01,   -8.2182029038E-01,   -4.0529006805E-01,    7.8653752186E-01,                  NaN
    6.2304687500E-01,   -8.1834949180E-01,   -4.0617473422E-01,    7.8653752186E-01,                  NaN
    6.2500000000E-01,   -8.1480004992E-01,   -4.0702019895E-01,    7.8653752186E-01,                  NaN
    6.2695312500E-01,   -8.1117741065E-01,   -4.0782818195E-01,    7.8653752186E-01,                  NaN
    6.2890625000E-01,   -8.0748736022E-01,   -4.0860057679E-01,    7.8653752186E-01,                  NaN
    6.3085937500E-01,   -8.0373601683E-01,   -4.0933945116E-01,    7.8653752186E-01,                  NaN
    6.3281250000E-01,   -7.9992981871E-01,   -4.1004704551E-01,    7.8653752186E-01,                  NaN
    6.3476562500E-01,   -7.9607550855E-01,   -4.1072577015E-01,    7.8653752186E-01,                  NaN
    6.3671875000E-01,   -7.9218011454E-01,   -4.1137820083E-01,    7.8653752186E-01,                  NaN
    6.3867187500E-01,   -7.8825092808E-01,   -4.1200707265E-01,    7.8653752186E-01,                  NaN
    6.4062500000E-01,   -7.8429547839E-01,   -4.1261527250E-01,    7.8653752186E-01,                  NaN
    6.4257812500E-01,   -7.8032150427E-01,   -4.1320583005E-01,    7.8653752186E-01,                  NaN
    6.4453125000E-01,   -7.7633692329E-01,   -4.1378190725E-01,    7.8653752186E-01,                  NaN
    6.4648437500E-01,   -7.7234979864E-01,   -4.1434678656E-01,    7.8653752186E-01,                  NaN
    6.4843750000E-01,   -7.6836830402E-01,   -4.1490385790E-01,    7.8653752186E-01,                  NaN
    6.5039062500E-01,   -7.6440068688E-01,   -4.1545660458E-01,    7.8653752186E-01,                  NaN
    6.5234375000E-01,   -7.6045523042E-01,   -4.1600858815E-01,    7.8653752186E-01,                  NaN
    6.5429687500E-01,   -7.5654021463E-01,   -4.1656343242E-01,    7.8653752186E-01,                  NaN
    6.5625000000E-01,   -7.5266387686E-01,   -4.1712480687E-01,    7.8653752186E-01,                  NaN
    6.5820312500E-01,   -7.4883437223E-01,   -4.1769640941E-01,    7.8653752186E-01,                  NaN
    6.6015625000E-01,   -7.4505973438E-01,   -4.1828194890E-01,    7.8653752186E-01,                  NaN
    6.6210937500E-01,   -7.4134783676E-01,   -4.1888512736E-01,    7.8653752186E-01,                  NaN
    6.6406250000E-01,   -7.3770635507E-01,   -4.1950962226E-01,    7.8653752186E-01,                  NaN
    6.6601562500E-01,   -7.3414273101E-01,   -4.2015906892E-01,    7.8653752186E-01,                  NaN
    6.6796875000E-01,   -7.3066413787E-01,   -4.2083704330E-01,    7.8653752186E-01,                  NaN
    6.6992187500E-01,   -7.2727744820E-01,   -4.2154704528E-01,    7.8653752186E-01,                  NaN
    6.7187500000E-01,   -7.2398920391E-01,   -4.2229248260E-01,    7.8653752186E-01,                  NaN
    6.7382812500E-01,   -7.2080558910E-01,   -4.2307665580E-01,    7.8653752186E-01,                  NaN
    6.7578125000E-01,   -7.1773240577E-01,   -4.2390274398E-01,    7.8653752186E-01,                  NaN
    6.7773437500E-01,   -7.1477505283E-01,   -4.2477379186E-01,    7.8653752186E-01,                  NaN
    6.7968750000E-01,   -7.1193850841E-01,   -4.2569269807E-01,    7.8653752186E-01,                  NaN
    6.8164062500E-01,   -7.0922731562E-01,   -4.2666220479E-01,    7.8653752186E-01,                  NaN
    6.8359375000E-01,   -7.0664557201E-01,   -4.2768488894E-01,    7.8653752186E-01,                  NaN
    6.8554687500E-01,   -7.0419692270E-01,   -4.2876315493E-01,    7.8653752186E-01,                  NaN
    6.8750000000E-01,   -7.0188455719E-01,   -4.2989922903E-01,    7.8653752186E-01,                  NaN
    6.8945312500E-01,   -6.9971120986E-01,   -4.3109515541E-01,    7.8653752186E-01,                  NaN
    6.9140625000E-01,   -6.9767916403E-01,   -4.3235279388E-01,    7.8653752186E-01,                  NaN
    6.9335937500E-01,   -6.9579025959E-01,   -4.3367381930E-01,    7.8653752186E-01,                  NaN
    6.9531250000E-01,   -6.9404590381E-01,   -4.3505972260E-01,    7.8653752186E-01,                  NaN
    6.9726562500E-01,   -6.9244708547E-01,   -4.3651181347E-01,    7.8653752186E-01,                  NaN
    6.9921875000E-01,   -6.9099439165E-01,   -4.3803122450E-01,    7.8653752186E-01,                  NaN
    7.0117187500E-01,   -6.8968802732E-01,   -4.3961891679E-01,    7.8653752186E-01,                  NaN
    7.0312500000E-01,   -6.8852783705E-01,   -4.4127568682E-01,    7.8653752186E-01,                  NaN
    7.0507812500E-01,   -6.8751332880E-01,   -4.4300217450E-01,    7.8653752186E-01,                  NaN
    7.0703125000E-01,   -6.8664369926E-01,   -4.4479887228E-01,    7.8653752186E-01,                  NaN
    7.0898437500E-01,   -6.8591786034E-01,   -4.4666613500E-01,    7.8653752186E-01,                  NaN
    7.1093750000E-01,   -6.8533446662E-01,   -4.4860419052E-01,    7.8653752186E-01,                  NaN
    7.1289062500E-01,   -6.8489194307E-01,   -4.5061315078E-01,    7.8653752186E-01,                  NaN
    7.1484375000E-01,   -6.8458851297E-01,   -4.5269302317E-01,    7.8653752186E-01,                  NaN
    7.1679687500E-01,   -6.8442222532E-01,   -4.5484372191E-01,    7.8653752186E-01,                  NaN
    7.1875000000E-01,   -6.8439098158E-01,   -4.5706507942E-01,    7.8653752186E-01,                  NaN
    7.2070312500E-01,   -6.8449256130E-01,   -4.5935685726E-01,    7.8653752186E-01,                  NaN
    7.2265625000E-01,   -6.8472464622E-01,   -4.6171875671E-01,    7.8653752186E-01,                  NaN
    7.2460937500E-01,   -6.8508484264E-01,   -4.6415042848E-01,    7.8653752186E-01,                  NaN
    7.2656250000E-01,   -6.8557070157E-01,   -4.6665148170E-01,    7.8653752186E-01,                  NaN
    7.2851562500E-01,   -6.8617973665E-01,   -4.6922149176E-01,    7.8653752186E-01,                  NaN
    7.3046875000E-01,   -6.8690943936E-01,   -4.7186000704E-01,    7.8653752186E-01,                  NaN
    7.3242187500E-01,   -6.8775729159E-01,   -4.7456655432E-01,    7.8653752186E-01,                  NaN
    7.3437500000E-01,   -6.8872077523E-01,   -4.7734064283E-01,    7.8653752186E-01,                  NaN
    7.3632812500E-01,   -6.8979737887E-01,   -4.8018176677E-01,    7.8653752186E-01,                  NaN
    7.3828125000E-01,   -6.9098460144E-01,   -4.8308940633E-01,    7.8653752186E-01,                  NaN
    7.4023437500E-01,   -6.9227995290E-01,   -4.8606302720E-01,    7.8653752186E-01,                  NaN
    7.4218750000E-01,   -6.9368095196E-01,   -4.8910207842E-01,    7.8653752186E-01,                  NaN
    7.4414062500E-01,   -6.9518512087E-01,   -4.9220598873E-01,    7.8653752186E-01,                  NaN
    7.4609375000E-01,   -6.9678997764E-01,   -4.9537416146E-01,    7.8653752186E-01,                  NaN
    7.4804687500E-01,   -6.9849302568E-01,   -4.9860596794E-01,    7.8653752186E-01,                  NaN
    7.5000000000E-01,   -7.0029174123E-01,   -5.0190073968E-01,    7.8653752186E-01,                  NaN
    7.5195312500E-01,   -7.0218355880E-01,   -5.0525775931E-01,    7.8653752186E-01,                  NaN
    7.5390625000E-01,   -7.0416585485E-01,   -5.0867625050E-01,    7.8653752186E-01,                  NaN
    7.5585937500E-01,   -7.0623593009E-01,   -5.1215536695E-01,    7.8653752186E-01,                  NaN
    7.5781250000E-01,   -7.0839099074E-01,   -5.1569418067E-01,    7.8653752186E-01,                  NaN
    7.5976562500E-01,   -7.1062812908E-01,   -5.1929166985E-01,    7.8653752186E-01,                  NaN
    7.6171875000E-01,   -7.1294430381E-01,   -5.2294670622E-01,    7.8653752186E-01,                  NaN
    7.6367187500E-01,   -7.1533632027E-01,   -5.2665804246E-01,    7.8653752186E-01,                  NaN
    7.6562500000E-01,   -7.1780081128E-01,   -5.3042429960E-01,    7.8653752186E-01,                  NaN
    7.6757812500E-01,   -7.2033421861E-01,   -5.3424395480E-01,    7.8653752186E-01,                  NaN
    7.6953125000E-01,   -7.2293277575E-01,   -5.3811532968E-01,    7.8653752186E-01,                  NaN
    7.7148437500E-01,   -7.2559249220E-01,   -5.4203657938E-01,    7.8653752186E-01,                  NaN
    7.7343750000E-01,   -7.2830913957E-01,   -5.4600568260E-01,    7.8653752186E-01,                  NaN
    7.7539062500E-01,   -7.3107823984E-01,   -5.5002043286E-01,    7.8653752186E-01,                  NaN
    7.7734375000E-01,   -7.3389505617E-01,   -5.5407843105E-01,    7.8653752186E-01,                  NaN
    7.7929687500E-01,   -7.3675458639E-01,   -5.5817707964E-01,    7.8653752186E-01,                  NaN
    7.8125000000E-01,   -7.3965155930E-01,   -5.6231357834E-01,    7.8653752186E-01,                  NaN
    7.8320312500E-01,   -7.4258043419E-01,   -5.6648492178E-01,    7.8653752186E-01,                  NaN
    7.8515625000E-01,   -7.4553540337E-01,   -5.7068789897E-01,    7.8653752186E-01,                  NaN
    7.8710937500E-01,   -7.4851039796E-01,   -5.7491909470E-01,    7.8653752186E-01,                  NaN
    7.8906250000E-01,   -7.5149909682E-01,   -5.7917489296E-01,    7.8653752186E-01,                  NaN
    7.9101562500E-01,   -7.5449493878E-01,   -5.8345148237E-01,    7.8653752186E-01,                  NaN
    7.9296875000E-01,   -7.5749113793E-01,   -5.8774486357E-01,    7.8653752186E-01,                  NaN
    7.9492187500E-01,   -7.6048070215E-01,   -5.9205085875E-01,    7.8653752186E-01,                  NaN
    7.9687500000E-01,   -7.6345645452E-01,   -5.9636512316E-01,    7.8653752186E-01,                  NaN
    7.9882812500E-01,   -7.6641105746E-01,   -6.0068315845E-01,    7.8653752186E-01,                  NaN
    8.0078125000E-01,   -7.6933703953E-01,   -6.0500032784E-01,    7.8653752186E-01,                  NaN
    8.0273437500E-01,   -7.7222682462E-01,   -6.0931187293E-01,    7.8653752186E-01,                  NaN
    8.0468750000E-01,   -7.7507276329E-01,   -6.1361293225E-01,    7.8653752186E-01,                  NaN
    8.0664062500E-01,   -7.7786716581E-01,   -6.1789856100E-01,    7.8653752186E-01,                  NaN
    8.0859375000E-01,   -7.8060233643E-01,   -6.2216375200E-01,    7.8653752186E-01,                  NaN
    8.1054687500E-01,   -7.8327060849E-01,   -6.2640345749E-01,    7.8653752186E-01,                  NaN
    8.1250000000E-01,   -7.8586438013E-01,   -6.3061261158E-01,    7.8653752186E-01,                  NaN
    8.1445312500E-01,   -7.8837615016E-01,   -6.3478615330E-01,    7.8653752186E-01,                  NaN
    8.1640625000E-01,   -7.9079855390E-01,   -6.3891904985E-01,    7.8653752186E-01,                  NaN
    8.1835937500E-01,   -7.9312439855E-01,   -6.4300632009E-01,    7.8653752186E-01,                  NaN
    8.2031250000E-01,   -7.9534669785E-01,   -6.4704305774E-01,    7.8653752186E-01,                  NaN
    8.2226562500E-01,   -7.9745870549E-01,   -6.5102445439E-01,    7.8653752186E-01,                  NaN
    8.2421875000E-01,   -7.9945394700E-01,   -6.5494582173E-01,    7.8653752186E-01,                  NaN
    8.2617187500E-01,   -8.0132624983E-01,   -6.5880261323E-01,    7.8653752186E-01,                  NaN
    8.2812500000E-01,   -8.0306977109E-01,   -6.6259044443E-01,    7.8653752186E-01,                  NaN
    8.3007812500E-01,   -8.0467902293E-01,   -6.6630511221E-01,    7.8653752186E-01,                  NaN
    8.3203125000E-01,   -8.0614889509E-01,   -6.6994261254E-01,    7.8653752186E-01,                  NaN
    8.3398437500E-01,   -8.0747467448E-01,   -6.7349915670E-01,    7.8653752186E-01,                  NaN
    8.3593750000E-01,   -8.0865206178E-01,   -6.7697118571E-01,    7.8653752186E-01,                  NaN
    8.3789062500E-01,   -8.0967718455E-01,   -6.8035538295E-01,    7.8653752186E-01,                  NaN
    8.3984375000E-01,   -8.1054660707E-01,   -6.8364868471E-01,    7.8653752186E-01,                  NaN
    8.4179687500E-01,   -8.1125733658E-01,   -6.8684828868E-01,    7.8653752186E-01,                  NaN
    8.4375000000E-01,   -8.1180682626E-01,   -6.8995166046E-01,    7.8653752186E-01,                  NaN
    8.4570312500E-01,   -8.1219297496E-01,   -6.9295653794E-01,    7.8653752186E-01,                  NaN
    8.4765625000E-01,   -8.1241412379E-01,   -6.9586093368E-01,    7.8653752186E-01,                  NaN
    8.4960937500E-01,   -8.1246904933E-01,   -6.9866313519E-01,    7.8653752186E-01,                  NaN
    8.5156250000E-01,   -8.1235695337E-01,   -7.0136170297E-01,    7.8653752186E-01,                  NaN
    8.5351562500E-01,   -8.1207744997E-01,   -7.0395546674E-01,    7.8653752186E-01,                  NaN
    8.5546875000E-01,   -8.1163055055E-01,   -7.0644352019E-01,    7.8653752186E-01,                  NaN
    8.5742187500E-01,   -8.1101664709E-01,   -7.0882521432E-01,    7.8653752186E-01,                  NaN
    8.5937500000E-01,   -8.1023649336E-01,   -7.1110014929E-01,    7.8653752186E-01,                  NaN
    8.6132812500E-01,   -8.0929118390E-01,   -7.1326816456E-01,    7.8653752186E-01,                  NaN
    8.6328125000E-01,   -8.0818213104E-01,   -7.1532932777E-01,    7.8653752186E-01,                  NaN
    8.6523437500E-01,   -8.0691104061E-01,   -7.1728392226E-01,    7.8653752186E-01,                  NaN
    8.6718750000E-01,   -8.0547988686E-01,   -7.1913243398E-01,    7.8653752186E-01,                  NaN
    8.6914062500E-01,   -8.0389088713E-01,   -7.2087553769E-01,    7.8653752186E-01,                  NaN
    8.7109375000E-01,   -8.0214647683E-01,   -7.2251408298E-01,    7.8653752186E-01,                  NaN
    8.7304687500E-01,   -8.0024928496E-01,   -7.2404908025E-01,    7.8653752186E-01,                  NaN
    8.7500000000E-01,   -7.9820211062E-01,   -7.2548168686E-01,    7.8653752186E-01,                  NaN
    8.7695312500E-01,   -7.9600790057E-01,   -7.2681319364E-01,    7.8653752186E-01,                  NaN
    8.7890625000E-01,   -7.9366972816E-01,   -7.2804501188E-01,    7.8653752186E-01,                  NaN
    8.8085937500E-01,   -7.9119077363E-01,   -7.2917866090E-01,    7.8653752186E-01,                  NaN
    8.8281250000E-01,   -7.8857430610E-01,   -7.3021575636E-01,    7.8653752186E-01,                  NaN
    8.8476562500E-01,   -7.8582366726E-01,   -7.3115799949E-01,    7.8653752186E-01,                  NaN
    8.8671875000E-01,   -7.8294225711E-01,   -7.3200716734E-01,    7.8653752186E-01,                  NaN
    8.8867187500E-01,   -7.7993352155E-01,   -7.3276510384E-01,    7.8653752186E-01,                  NaN
    8.9062500000E-01,   -7.7680094230E-01,   -7.3343371220E-01,    7.8653752186E-01,                  NaN
    8.9257812500E-01,   -7.7354802932E-01,   -7.3401494882E-01,    7.8653752186E-01,                  NaN
    8.9453125000E-01,   -7.7017831524E-01,   -7.3451081833E-01,    7.8653752186E-01,                  NaN
    8.9648437500E-01,   -7.6669535206E-01,   -7.3492336990E-01,    7.8653752186E-01,                  NaN
    8.9843750000E-01,   -7.6310271008E-01,   -7.3525469500E-01,    7.8653752186E-01,                  NaN
    9.0039062500E-01,   -7.5940397908E-01,   -7.3550692658E-01,    7.8653752186E-01,                  NaN
    9.0234375000E-01,   -7.5560277124E-01,   -7.3568223938E-01,    7.8653752186E-01,                  NaN
    9.0429687500E-01,   -7.5170272586E-01,   -7.3578285133E-01,    7.8653752186E-01,                  NaN
    9.0625000000E-01,   -7.4770751537E-01,   -7.3581102590E-01,    7.8653752186E-01,                  NaN
    9.0820312500E-01,   -7.4362085287E-01,   -7.3576907542E-01,    7.8653752186E-01,                  NaN
    9.1015625000E-01,   -7.3944650047E-01,   -7.3565936506E-01,    7.8653752186E-01,                  NaN
    9.1210937500E-01,   -7.3518827859E-01,   -7.3548431752E-01,    7.8653752186E-01,                  NaN
    9.1406250000E-01,   -7.3085007553E-01,   -7.3524641809E-01,    7.8653752186E-01,                  NaN
    9.1601562500E-01,   -7.2643585730E-01,   -7.3494821997E-01,    7.8653752186E-01,                  NaN
    9.1796875000E-01,   -7.2194967735E-01,   -7.3459234970E-01,    7.8653752186E-01,                  NaN
    9.1992187500E-01,   -7.1739568584E-01,   -7.3418151258E-01,    7.8653752186E-01,                  NaN
    9.2187500000E-01,   -7.1277813833E-01,   -7.3371849767E-01,    7.8653752186E-01,                  NaN
    9.2382812500E-01,   -7.0810140339E-01,   -7.3320618239E-01,    7.8653752186E-01,                  NaN
    9.2578125000E-01,   -7.0336996907E-01,   -7.3264753650E-01,    7.8653752186E-01,                  NaN
    9.2773437500E-01,   -6.9858844772E-01,   -7.3204562539E-01,    7.8653752186E-01,                  NaN
    9.2968750000E-01,   -6.9376157949E-01,   -7.3140361251E-01,    7.8653752186E-01,                  NaN
    9.3164062500E-01,   -6.8889423495E-01,   -7.3072476098E-01,    7.8653752186E-01,                  NaN
    9.3359375000E-01,   -6.8399141509E-01,   -7.3001243345E-01,    7.8653752186E-01,                  NaN
    9.3554687500E-01,   -6.7905824762E-01,   -7.2927008997E-01,    7.8653752186E-01,                  NaN
    9.3750000000E-01,   -6.7409998067E-01,   -7.2850128450E-01,    7.8653752186E-01,                  NaN
    9.3945312500E-01,   -6.6912197589E-01,   -7.2770966072E-01,    7.8653752186E-01,                  NaN
    9.4140625000E-01,   -6.6412970105E-01,   -7.2689894705E-01,    7.8653752186E-01,                  NaN
    9.4335937500E-01,   -6.5912872062E-01,   -7.2607295005E-01,    7.8653752186E-01,                  NaN
    9.4531250000E-01,   -6.5412468303E-01,   -7.2523554576E-01,    7.8653752186E-01,                  NaN
    9.4726562500E-01,   -6.4912330461E-01,   -7.2439066922E-01,    7.8653752186E-01,                  NaN
    9.4921875000E-01,   -6.4413035115E-01,   -7.2354230246E-01,    7.8653752186E-01,                  NaN
    9.5117187500E-01,   -6.3915161792E-01,   -7.2269446134E-01,    7.8653752186E-01,                  NaN
    9.5312500000E-01,   -6.3419290861E-01,   -7.2185118142E-01,    7.8653752186E-01,                  NaN
    9.5507812500E-01,   -6.2926001354E-01,   -7.2101650286E-01,    7.8653752186E-01,                  NaN
    9.5703125000E-01,   -6.2435868692E-01,   -7.2019445449E-01,    7.8653752186E-01,                  NaN
    9.5898437500E-01,   -6.1949462349E-01,   -7.1938903722E-01,    7.8653752186E-01,                  NaN
    9.6093750000E-01,   -6.1467343465E-01,   -7.1860420673E-01,    7.8653752186E-01,                  NaN
    9.6289062500E-01,   -6.0990062471E-01,   -7.1784385584E-01,    7.8653752186E-01,                  NaN
    9.6484375000E-01,   -6.0518156700E-01,   -7.1711179669E-01,    7.8653752186E-01,                  NaN
    9.6679687500E-01,   -6.0052148030E-01,   -7.1641174305E-01,    7.8653752186E-01,                  NaN
    9.6875000000E-01,   -5.9592540584E-01,   -7.1574729288E-01,    7.8653752186E-01,                  NaN
    9.7070312500E-01,   -5.9139818479E-01,   -7.1512191085E-01,    7.8653752186E-01,                  NaN
    9.7265625000E-01,   -5.8694443642E-01,   -7.1453891147E-01,    7.8653752186E-01,                  NaN
    9.7460937500E-01,   -5.8256853729E-01,   -7.1400144306E-01,    7.8653752186E-01,                  NaN
    9.7656250000E-01,   -5.7827460171E-01,   -7.1351247267E-01,    7.8653752186E-01,                  NaN
    9.7851562500E-01,   -5.7406646383E-01,   -7.1307477207E-01,    7.8653752186E-01,                  NaN
    9.8046875000E-01,   -5.6994766177E-01,   -7.1269090520E-01,    7.8653752186E-01,                  NaN
    9.8242187500E-01,   -5.6592142405E-01,   -7.1236321702E-01,    7.8653752186E-01,                  NaN
    9.8437500000E-01,   -5.6199065856E-01,   -7.1209382420E-01,    7.8653752186E-01,                  NaN
    9.8632812500E-01,   -5.5815794391E-01,   -7.1188460746E-01,    7.8653752186E-01,                  NaN
    9.8828125000E-01,   -5.5442552317E-01,   -7.1173720566E-01,    7.8653752186E-01,                  NaN
    9.9023437500E-01,   -5.5079529993E-01,   -7.1165301176E-01,    7.8653752186E-01,                  NaN
    9.9218750000E-01,   -5.4726883679E-01,   -7.1163317064E-01,    7.8653752186E-01,                  NaN
    9.9414062500E-01,   -5.4384735590E-01,   -7.1167857850E-01,    7.8653752186E-01,                  NaN
    9.9609375000E-01,   -5.4053174188E-01,   -7.1178988404E-01,    7.8653752186E-01,                  NaN
    9.9804687500E-01,   -5.3732254686E-01,   -7.1196749163E-01,    7.8653752186E-01,                  NaN
    1.0000000000E+00,   -5.3421999769E-01,   -7.1221156610E-01,    7.8653752186E-01,                  NaN
                 NaN,   -5.9256540507E-01,   -3.0317803398E-01,    7.8653752186E-01,                  NaN
