                Time,             Y-Force,      Work integrand,                Mass,           Mass error
    0.0000000000E+00,    8.8817841970E-16,    0.0000000000E+00,    7.8653752187E-01,                  NaN
    1.9531250000E-03,   -5.9158261083E-05,    1.9604419109E-08,    7.8653752187E-01,                  NaN
    3.9062500000E-03,   -2.2700434948E-04,    7.1741510417E-08,    7.8653752187E-01,                  NaN
    5.8593750000E-03,   -4.9001702962E-04,    1.3999092997E-07,    7.8653752187E-01,                  NaN
    7.8125000000E-03,   -8.5747874367E-04,    1.9939515273E-07,    7.8653752187E-01,                  NaN
    9.7656250000E-03,   -1.3281398373E-03,    2.1703720285E-07,    7.8653752187E-01,                  NaN
    1.1718750000E-02,   -1.8937916926E-03,    1.5375209354E-07,    7.8653752187E-01,                  NaN
    1.3671875000E-02,   -2.5552001859E-03,   -3.7605959475E-08,    7.8653752187E-01,                  NaN
    1.5625000000E-02,   -3.3179161885E-03,   -4.1358876213E-07,    7.8653752187E-01,                  NaN
    1.7578125000E-02,   -4.1842034778E-03,   -1.0386935255E-06,    7.8653752187E-01,                  NaN
    1.9531250000E-02,   -5.1531907188E-03,   -1.9841435509E-06,    7.8653752187E-01,                  NaN
    2.1484375000E-02,   -6.2237552944E-03,   -3.3281909743E-06,    7.8653752187E-01,                  NaN
    2.3437500000E-02,   -7.3956860048E-03,   -5.1567737874E-06,    7.8653752187E-01,                  NaN
    2.5390625000E-02,   -8.6696464405E-03,   -7.5639774846E-06,    7.8653752187E-01,                  NaN
    2.7343750000E-02,   -1.0046698107E-02,   -1.0652113867E-05,    7.8653752187E-01,                  NaN
    2.9296875000E-02,   -1.1527689098E-02,   -1.4531251256E-05,    7.8653752187E-01,                  NaN
    3.1250000000E-02,   -1.3112993055E-02,   -1.9318642442E-05,    7.8653752187E-01,                  NaN
    3.3203125000E-02,   -1.4802729778E-02,   -2.5138644617E-05,    7.8653752187E-01,                  NaN
    3.5156250000E-02,   -1.6597101896E-02,   -3.2123089000E-05,    7.8653752187E-01,                  NaN
    3.7109375000E-02,   -1.8496523272E-02,   -4.0411624390E-05,    7.8653752187E-01,                  NaN
    3.9062500000E-02,   -2.0501529641E-02,   -5.0151726819E-05,    7.8653752187E-01,                  NaN
    4.1015625000E-02,   -2.2612625102E-02,   -6.1498419303E-05,    7.8653752187E-01,                  NaN
    4.2968750000E-02,   -2.4830192171E-02,   -7.4613938101E-05,    7.8653752187E-01,                  NaN
    4.4921875000E-02,   -2.7154500023E-02,   -8.9667559618E-05,    7.8653752187E-01,                  NaN
    4.6875000000E-02,   -2.9585766416E-02,   -1.0683562759E-04,    7.8653752187E-01,                  NaN
    4.8828125000E-02,   -3.2124204762E-02,   -1.2630164047E-04,    7.8653752187E-01,                  NaN
    5.0781250000E-02,   -3.4770022344E-02,   -1.4825622884E-04,    7.8653752187E-01,                  NaN
    5.2734375000E-02,   -3.7523389454E-02,   -1.7289698720E-04,    7.8653752187E-01,                  NaN
    5.4687500000E-02,   -4.0384425181E-02,   -2.0042828907E-04,    7.8653752187E-01,                  NaN
    5.6640625000E-02,   -4.3353228633E-02,   -2.3106126088E-04,    7.8653752187E-01,                  NaN
    5.8593750000E-02,   -4.6429944447E-02,   -2.6501398065E-04,    7.8653752187E-01,                  NaN
    6.0546875000E-02,   -4.9614820768E-02,   -3.0251178382E-04,    7.8653752187E-01,                  NaN
    6.2500000000E-02,   -5.2908216553E-02,   -3.4378743581E-04,    7.8653752187E-01,                  NaN
    6.4453125000E-02,   -5.6310541045E-02,   -3.8908095133E-04,    7.8653752187E-01,                  NaN
    6.6406250000E-02,   -5.9822142853E-02,   -4.3863899059E-04,    7.8653752187E-01,                  NaN
    6.8359375000E-02,   -6.3443189526E-02,   -4.9271395191E-04,    7.8653752187E-01,                  NaN
    7.0312500000E-02,   -6.7173581205E-02,   -5.5156301014E-04,    7.8653752187E-01,                  NaN
    7.2265625000E-02,   -7.1012926781E-02,   -6.1544737212E-04,    7.8653752187E-01,                  NaN
    7.4218750000E-02,   -7.4960588243E-02,   -6.8463194264E-04,    7.8653752187E-01,                  NaN
    7.6171875000E-02,   -7.9015778622E-02,   -7.5938546611E-04,    7.8653752187E-01,                  NaN
    7.8125000000E-02,   -8.3177687141E-02,   -8.3998108297E-04,    7.8653752187E-01,                  NaN
    8.0078125000E-02,   -8.7445602740E-02,   -9.2669714970E-04,    7.8653752187E-01,                  NaN
    8.2031250000E-02,   -9.1819011715E-02,   -1.0198181280E-03,    7.8653752187E-01,                  NaN
    8.3984375000E-02,   -9.6297653407E-02,   -1.1196353455E-03,    7.8653752187E-01,                  NaN
    8.5937500000E-02,   -1.0088152699E-01,   -1.2264474584E-03,    7.8653752187E-01,                  NaN
    8.7890625000E-02,   -1.0557085095E-01,   -1.3405604942E-03,    7.8653752187E-01,                  NaN
    8.9843750000E-02,   -1.1036598367E-01,   -1.4622874205E-03,    7.8653752187E-01,                  NaN
    9.1796875000E-02,   -1.1526731856E-01,   -1.5919472532E-03,    7.8653752187E-01,                  NaN
    9.3750000000E-02,   -1.2027516919E-01,   -1.7298637863E-03,    7.8653752187E-01,                  NaN
    9.5703125000E-02,   -1.2538965919E-01,   -1.8763640637E-03,    7.8653752187E-01,                  NaN
    9.7656250000E-02,   -1.3061062879E-01,   -2.0317767338E-03,    7.8653752187E-01,                  NaN
    9.9609375000E-02,   -1.3593756547E-01,   -2.1964304142E-03,    7.8653752187E-01,                  NaN
    1.0156250000E-01,   -1.4136956238E-01,   -2.3706521732E-03,    7.8653752187E-01,                  NaN
    1.0351562500E-01,   -1.4690530466E-01,   -2.5547662118E-03,    7.8653752187E-01,                  NaN
    1.0546875000E-01,   -1.5254308237E-01,   -2.7490928099E-03,    7.8653752187E-01,                  NaN
    1.0742187500E-01,   -1.5828082722E-01,   -2.9539475917E-03,    7.8653752187E-01,                  NaN
    1.0937500000E-01,   -1.6411616996E-01,   -3.1696411528E-03,    7.8653752187E-01,                  NaN
    1.1132812500E-01,   -1.7004651472E-01,   -3.3964790818E-03,    7.8653752187E-01,                  NaN
    1.1328125000E-01,   -1.7606912632E-01,   -3.6347623923E-03,    7.8653752187E-01,                  NaN
    1.1523437500E-01,   -1.8218122582E-01,   -3.8847883641E-03,    7.8653752187E-01,                  NaN
    1.1718750000E-01,   -1.8838008971E-01,   -4.1468517673E-03,    7.8653752187E-01,                  NaN
    1.1914062500E-01,   -1.9466314717E-01,   -4.4212464140E-03,    7.8653752187E-01,                  NaN
    1.2109375000E-01,   -2.0102806971E-01,   -4.7082669454E-03,    7.8653752187E-01,                  NaN
    1.2304687500E-01,   -2.0747284678E-01,   -5.0082107196E-03,    7.8653752187E-01,                  NaN
    1.2500000000E-01,   -2.1399584064E-01,   -5.3213796233E-03,    7.8653752187E-01,                  NaN
    1.2695312500E-01,   -2.2059581436E-01,   -5.6480815973E-03,    7.8653752187E-01,                  NaN
    1.2890625000E-01,   -2.2727192772E-01,   -5.9886316467E-03,    7.8653752187E-01,                  NaN
    1.3085937500E-01,   -2.3402369751E-01,   -6.3433521148E-03,    7.8653752187E-01,                  NaN
    1.3281250000E-01,   -2.4085092160E-01,   -6.7125720298E-03,    7.8653752187E-01,                  NaN
    1.3476562500E-01,   -2.4775356854E-01,   -7.0966253864E-03,    7.8653752187E-01,                  NaN
    1.3671875000E-01,   -2.5473163743E-01,   -7.4958482957E-03,    7.8653752187E-01,                  NaN
    1.3867187500E-01,   -2.6178499506E-01,   -7.9105750102E-03,    7.8653752187E-01,                  NaN
    1.4062500000E-01,   -2.6891319866E-01,   -8.3411329055E-03,    7.8653752187E-01,                  NaN
    1.4257812500E-01,   -2.7611531372E-01,   -8.7878365642E-03,    7.8653752187E-01,                  NaN
    1.4453125000E-01,   -2.8338973608E-01,   -9.2509811570E-03,    7.8653752187E-01,                  NaN
    1.4648437500E-01,   -2.9073402706E-01,   -9.7308353527E-03,    7.8653752187E-01,                  NaN
    1.4843750000E-01,   -2.9814476937E-01,   -1.0227634016E-02,    7.8653752187E-01,                  NaN
    1.5039062500E-01,   -3.0561745044E-01,   -1.0741570971E-02,    7.8653752187E-01,                  NaN
    1.5234375000E-01,   -3.1314637881E-01,   -1.1272792108E-02,    7.8653752187E-01,                  NaN
    1.5429687500E-01,   -3.2072463777E-01,   -1.1821389149E-02,    7.8653752187E-01,                  NaN
    1.5625000000E-01,   -3.2834407971E-01,   -1.2387394337E-02,    7.8653752187E-01,                  NaN
    1.5820312500E-01,   -3.3599536307E-01,   -1.2970776375E-02,    7.8653752187E-01,                  NaN
    1.6015625000E-01,   -3.4366803219E-01,   -1.3571437829E-02,    7.8653752187E-01,                  NaN
    1.6210937500E-01,   -3.5135063905E-01,   -1.4189214246E-02,    7.8653752187E-01,                  NaN
    1.6406250000E-01,   -3.5903090329E-01,   -1.4823875091E-02,    7.8653752187E-01,                  NaN
    1.6601562500E-01,   -3.6669590527E-01,   -1.5475126582E-02,    7.8653752187E-01,                  NaN
    1.6796875000E-01,   -3.7433230477E-01,   -1.6142616341E-02,    7.8653752187E-01,                  NaN
    1.6992187500E-01,   -3.8192657618E-01,   -1.6825939717E-02,    7.8653752187E-01,                  NaN
    1.7187500000E-01,   -3.8946525018E-01,   -1.7524647507E-02,    7.8653752187E-01,                  NaN
    1.7382812500E-01,   -3.9693515097E-01,   -1.8238254719E-02,    7.8653752187E-01,                  NaN
    1.7578125000E-01,   -4.0432361902E-01,   -1.8966249945E-02,    7.8653752187E-01,                  NaN
    1.7773437500E-01,   -4.1161870981E-01,   -1.9708104925E-02,    7.8653752187E-01,                  NaN
    1.7968750000E-01,   -4.1880936128E-01,   -2.0463283840E-02,    7.8653752187E-01,                  NaN
    1.8164062500E-01,   -4.2588552459E-01,   -2.1231251945E-02,    7.8653752187E-01,                  NaN
    1.8359375000E-01,   -4.3283825537E-01,   -2.2011483207E-02,    7.8653752187E-01,                  NaN
    1.8554687500E-01,   -4.3965976526E-01,   -2.2803466725E-02,    7.8653752187E-01,                  NaN
    1.8750000000E-01,   -4.4634343559E-01,   -2.3606711768E-02,    7.8653752187E-01,                  NaN
    1.8945312500E-01,   -4.5288379737E-01,   -2.4420751415E-02,    7.8653752187E-01,                  NaN
    1.9140625000E-01,   -4.5927648291E-01,   -2.5245144849E-02,    7.8653752187E-01,                  NaN
    1.9335937500E-01,   -4.6551815541E-01,   -2.6079478427E-02,    7.8653752187E-01,                  NaN
    1.9531250000E-01,   -4.7160642304E-01,   -2.6923365730E-02,    7.8653752187E-01,                  NaN
    1.9726562500E-01,   -4.7753974383E-01,   -2.7776446807E-02,    7.8653752187E-01,                  NaN
    1.9921875000E-01,   -4.8331732682E-01,   -2.8638386844E-02,    7.8653752187E-01,                  NaN
    2.0117187500E-01,   -4.8893903413E-01,   -2.9508874446E-02,    7.8653752187E-01,                  NaN
    2.0312500000E-01,   -4.9440528711E-01,   -3.0387619723E-02,    7.8653752187E-01,                  NaN
    2.0507812500E-01,   -4.9971697868E-01,   -3.1274352278E-02,    7.8653752187E-01,                  NaN
    2.0703125000E-01,   -5.0487539264E-01,   -3.2168819173E-02,    7.8653752187E-01,                  NaN
    2.0898437500E-01,   -5.0988212977E-01,   -3.3070782886E-02,    7.8653752187E-01,                  NaN
    2.1093750000E-01,   -5.1473903998E-01,   -3.3980019228E-02,    7.8653752187E-01,                  NaN
    2.1289062500E-01,   -5.1944815921E-01,   -3.4896315167E-02,    7.8653752187E-01,                  NaN
    2.1484375000E-01,   -5.2401164984E-01,   -3.5819466483E-02,    7.8653752187E-01,                  NaN
    2.1679687500E-01,   -5.2843174370E-01,   -3.6749275192E-02,    7.8653752187E-01,                  NaN
    2.1875000000E-01,   -5.3271068679E-01,   -3.7685546698E-02,    7.8653752187E-01,                  NaN
    2.2070312500E-01,   -5.3685068577E-01,   -3.8628086664E-02,    7.8653752187E-01,                  NaN
    2.2265625000E-01,   -5.4085385666E-01,   -3.9576697625E-02,    7.8653752187E-01,                  NaN
    2.2460937500E-01,   -5.4472217661E-01,   -4.0531175421E-02,    7.8653752187E-01,                  NaN
    2.2656250000E-01,   -5.4845744026E-01,   -4.1491305561E-02,    7.8653752187E-01,                  NaN
    2.2851562500E-01,   -5.5206122215E-01,   -4.2456859676E-02,    7.8653752187E-01,                  NaN
    2.3046875000E-01,   -5.5553484697E-01,   -4.3427592203E-02,    7.8653752187E-01,                  NaN
    2.3242187500E-01,   -5.5887936905E-01,   -4.4403237509E-02,    7.8653752187E-01,                  NaN
    2.3437500000E-01,   -5.6209556245E-01,   -4.5383507601E-02,    7.8653752187E-01,                  NaN
    2.3632812500E-01,   -5.6518392233E-01,   -4.6368090595E-02,    7.8653752187E-01,                  NaN
    2.3828125000E-01,   -5.6814467801E-01,   -4.7356650056E-02,    7.8653752187E-01,                  NaN
    2.4023437500E-01,   -5.7097781740E-01,   -4.8348825302E-02,    7.8653752187E-01,                  NaN
    2.4218750000E-01,   -5.7368312196E-01,   -4.9344232705E-02,    7.8653752187E-01,                  NaN
    2.4414062500E-01,   -5.7626021084E-01,   -5.0342467976E-02,    7.8653752187E-01,                  NaN
    2.4609375000E-01,   -5.7870859241E-01,   -5.1343109369E-02,    7.8653752187E-01,                  NaN
    2.4804687500E-01,   -5.8102772092E-01,   -5.2345721698E-02,    7.8653752187E-01,                  NaN
    2.5000000000E-01,   -5.8321705576E-01,   -5.3349860982E-02,    7.8653752187E-01,                  NaN
    2.5195312500E-01,   -5.8527612082E-01,   -5.4355079545E-02,    7.8653752187E-01,                  NaN
    2.5390625000E-01,   -5.8720456113E-01,   -5.5360931326E-02,    7.8653752187E-01,                  NaN
    2.5585937500E-01,   -5.8900219436E-01,   -5.6366977156E-02,    7.8653752187E-01,                  NaN
    2.5781250000E-01,   -5.9066905483E-01,   -5.7372789752E-02,    7.8653752187E-01,                  NaN
    2.5976562500E-01,   -5.9220542814E-01,   -5.8377958182E-02,    7.8653752187E-01,                  NaN
    2.6171875000E-01,   -5.9361187483E-01,   -5.9382091593E-02,    7.8653752187E-01,                  NaN
    2.6367187500E-01,   -5.9488924227E-01,   -6.0384821998E-02,    7.8653752187E-01,                  NaN
    2.6562500000E-01,   -5.9603866450E-01,   -6.1385806002E-02,    7.8653752187E-01,                  NaN
    2.6757812500E-01,   -5.9706155004E-01,   -6.2384725376E-02,    7.8653752187E-01,                  NaN
    2.6953125000E-01,   -5.9795955896E-01,   -6.3381286460E-02,    7.8653752187E-01,                  NaN
    2.7148437500E-01,   -5.9873457035E-01,   -6.4375218440E-02,    7.8653752187E-01,                  NaN
    2.7343750000E-01,   -5.9938864237E-01,   -6.5366270611E-02,    7.8653752187E-01,                  NaN
    2.7539062500E-01,   -5.9992396705E-01,   -6.6354208780E-02,    7.8653752187E-01,                  NaN
    2.7734375000E-01,   -6.0034282259E-01,   -6.7338811041E-02,    7.8653752187E-01,                  NaN
    2.7929687500E-01,   -6.0064752579E-01,   -6.8319863181E-02,    7.8653752187E-01,                  NaN
    2.8125000000E-01,   -6.0084038741E-01,   -6.9297153997E-02,    7.8653752187E-01,                  NaN
    2.8320312500E-01,   -6.0092367292E-01,   -7.0270470842E-02,    7.8653752187E-01,                  NaN
    2.8515625000E-01,   -6.0089957119E-01,   -7.1239595694E-02,    7.8653752187E-01,                  NaN
    2.8710937500E-01,   -6.0077017289E-01,   -7.2204302055E-02,    7.8653752187E-01,                  NaN
    2.8906250000E-01,   -6.0053746018E-01,   -7.3164352945E-02,    7.8653752187E-01,                  NaN
    2.9101562500E-01,   -6.0020330879E-01,   -7.4119500216E-02,    7.8653752187E-01,                  NaN
    2.9296875000E-01,   -5.9976950291E-01,   -7.5069485378E-02,    7.8653752187E-01,                  NaN
    2.9492187500E-01,   -5.9923776287E-01,   -7.6014042071E-02,    7.8653752187E-01,                  NaN
    2.9687500000E-01,   -5.9860978499E-01,   -7.6952900237E-02,    7.8653752187E-01,                  NaN
    2.9882812500E-01,   -5.9788729265E-01,   -7.7885792019E-02,    7.8653752187E-01,                  NaN
    3.0078125000E-01,   -5.9707209685E-01,   -7.8812459304E-02,    7.8653752187E-01,                  NaN
    3.0273437500E-01,   -5.9616616450E-01,   -7.9732662804E-02,    7.8653752187E-01,                  NaN
    3.0468750000E-01,   -5.9517169211E-01,   -8.0646192477E-02,    7.8653752187E-01,                  NaN
    3.0664062500E-01,   -5.9409118236E-01,   -8.1552879040E-02,    7.8653752187E-01,                  NaN
    3.0859375000E-01,   -5.9292752089E-01,   -8.2452606289E-02,    7.8653752187E-01,                  NaN
    3.1054687500E-01,   -5.9168405048E-01,   -8.3345323867E-02,    7.8653752187E-01,                  NaN
    3.1250000000E-01,   -5.9036464001E-01,   -8.4231060124E-02,    7.8653752187E-01,                  NaN
    3.1445312500E-01,   -5.8897374536E-01,   -8.5109934654E-02,    7.8653752187E-01,                  NaN
    3.1640625000E-01,   -5.8751645983E-01,   -8.5982170114E-02,    7.8653752187E-01,                  NaN
    3.1835937500E-01,   -5.8599855189E-01,   -8.6848102910E-02,    7.8653752187E-01,                  NaN
    3.2031250000E-01,   -5.8442648834E-01,   -8.7708192364E-02,    7.8653752187E-01,                  NaN
    3.2226562500E-01,   -5.8280744138E-01,   -8.8563028002E-02,    7.8653752187E-01,                  NaN
    3.2421875000E-01,   -5.8114927862E-01,   -8.9413334645E-02,    7.8653752187E-01,                  NaN
    3.2617187500E-01,   -5.7946053552E-01,   -9.0259975041E-02,    7.8653752187E-01,                  NaN
    3.2812500000E-01,   -5.7775037029E-01,   -9.1103949842E-02,    7.8653752187E-01,                  NaN
    3.3007812500E-01,   -5.7602850177E-01,   -9.1946394810E-02,    7.8653752187E-01,                  NaN
    3.3203125000E-01,   -5.7430513146E-01,   -9.2788575200E-02,    7.8653752187E-01,                  NaN
    3.3398437500E-01,   -5.7259085126E-01,   -9.3631877380E-02,    7.8653752187E-01,                  NaN
    3.3593750000E-01,   -5.7089653898E-01,   -9.4477797798E-02,    7.8653752187E-01,                  NaN
    3.3789062500E-01,   -5.6923324403E-01,   -9.5327929528E-02,    7.8653752187E-01,                  NaN
    3.3984375000E-01,   -5.6761206598E-01,   -9.6183946648E-02,    7.8653752187E-01,                  NaN
    3.4179687500E-01,   -5.6604402907E-01,   -9.7047586832E-02,    7.8653752187E-01,                  NaN
    3.4375000000E-01,   -5.6453995556E-01,   -9.7920632539E-02,    7.8653752187E-01,                  NaN
    3.4570312500E-01,   -5.6311034115E-01,   -9.8804891250E-02,    7.8653752187E-01,                  NaN
    3.4765625000E-01,   -5.6176523531E-01,   -9.9702175237E-02,    7.8653752187E-01,                  NaN
    3.4960937500E-01,   -5.6051412958E-01,   -1.0061428134E-01,    7.8653752187E-01,                  NaN
    3.5156250000E-01,   -5.5936585610E-01,   -1.0154297122E-01,    7.8653752187E-01,                  NaN
    3.5351562500E-01,   -5.5832849895E-01,   -1.0248995261E-01,    7.8653752187E-01,                  NaN
    3.5546875000E-01,   -5.5740931988E-01,   -1.0345686189E-01,    7.8653752187E-01,                  NaN
    3.5742187500E-01,   -5.5661470003E-01,   -1.0444524851E-01,    7.8653752187E-01,                  NaN
    3.5937500000E-01,   -5.5595009857E-01,   -1.0545656142E-01,    7.8653752187E-01,                  NaN
    3.6132812500E-01,   -5.5542002888E-01,   -1.0649213804E-01,    7.8653752187E-01,                  NaN
    3.6328125000E-01,   -5.5502805212E-01,   -1.0755319565E-01,    7.8653752187E-01,                  NaN
    3.6523437500E-01,   -5.5477678818E-01,   -1.0864082559E-01,    7.8653752187E-01,                  NaN
    3.6718750000E-01,   -5.5466794296E-01,   -1.0975599029E-01,    7.8653752187E-01,                  NaN
    3.6914062500E-01,   -5.5470235103E-01,   -1.1089952298E-01,    7.8653752187E-01,                  NaN
    3.7109375000E-01,   -5.5488003212E-01,   -1.1207213021E-01,    7.8653752187E-01,                  NaN
    3.7304687500E-01,   -5.5520025996E-01,   -1.1327439691E-01,    7.8653752187E-01,                  NaN
    3.7500000000E-01,   -5.5566164118E-01,   -1.1450679381E-01,    7.8653752187E-01,                  NaN
    3.7695312500E-01,   -5.5626220255E-01,   -1.1576968710E-01,    7.8653752187E-01,                  NaN
    3.7890625000E-01,   -5.5699948408E-01,   -1.1706334978E-01,    7.8653752187E-01,                  NaN
    3.8085937500E-01,   -5.5787063582E-01,   -1.1838797471E-01,    7.8653752187E-01,                  NaN
    3.8281250000E-01,   -5.5887251604E-01,   -1.1974368865E-01,    7.8653752187E-01,                  NaN
    3.8476562500E-01,   -5.6000178838E-01,   -1.2113056717E-01,    7.8653752187E-01,                  NaN
    3.8671875000E-01,   -5.6125501597E-01,   -1.2254864985E-01,    7.8653752187E-01,                  NaN
    3.8867187500E-01,   -5.6262875023E-01,   -1.2399795552E-01,    7.8653752187E-01,                  NaN
    3.9062500000E-01,   -5.6411961245E-01,   -1.2547849694E-01,    7.8653752187E-01,                  NaN
    3.9257812500E-01,   -5.6572436655E-01,   -1.2699029471E-01,    7.8653752187E-01,                  NaN
    3.9453125000E-01,   -5.6743998141E-01,   -1.2853338993E-01,    7.8653752187E-01,                  NaN
    3.9648437500E-01,   -5.6926368161E-01,   -1.3010785534E-01,    7.8653752187E-01,                  NaN
    3.9843750000E-01,   -5.7119298587E-01,   -1.3171380458E-01,    7.8653752187E-01,                  NaN
    4.0039062500E-01,   -5.7322573252E-01,   -1.3335139949E-01,    7.8653752187E-01,                  NaN
    4.0234375000E-01,   -5.7536009206E-01,   -1.3502085506E-01,    7.8653752187E-01,                  NaN
    4.0429687500E-01,   -5.7759456704E-01,   -1.3672244221E-01,    7.8653752187E-01,                  NaN
    4.0625000000E-01,   -5.7992797987E-01,   -1.3845648810E-01,    7.8653752187E-01,                  NaN
    4.0820312500E-01,   -5.8235944979E-01,   -1.4022337432E-01,    7.8653752187E-01,                  NaN
    4.1015625000E-01,   -5.8488836016E-01,   -1.4202353288E-01,    7.8653752187E-01,                  NaN
    4.1210937500E-01,   -5.8751431785E-01,   -1.4385744030E-01,    7.8653752187E-01,                  NaN
    4.1406250000E-01,   -5.9023710656E-01,   -1.4572561010E-01,    7.8653752187E-01,                  NaN
    4.1601562500E-01,   -5.9305663613E-01,   -1.4762858400E-01,    7.8653752187E-01,                  NaN
    4.1796875000E-01,   -5.9597288984E-01,   -1.4956692216E-01,    7.8653752187E-01,                  NaN
    4.1992187500E-01,   -5.9898587183E-01,   -1.5154119291E-01,    7.8653752187E-01,                  NaN
    4.2187500000E-01,   -6.0209555661E-01,   -1.5355196233E-01,    7.8653752187E-01,                  NaN
    4.2382812500E-01,   -6.0530184230E-01,   -1.5559978409E-01,    7.8653752187E-01,                  NaN
    4.2578125000E-01,   -6.0860450934E-01,   -1.5768518985E-01,    7.8653752187E-01,                  NaN
    4.2773437500E-01,   -6.1200318559E-01,   -1.5980868061E-01,    7.8653752187E-01,                  NaN
    4.2968750000E-01,   -6.1549731892E-01,   -1.6197071917E-01,    7.8653752187E-01,                  NaN
    4.3164062500E-01,   -6.1908615759E-01,   -1.6417172396E-01,    7.8653752187E-01,                  NaN
    4.3359375000E-01,   -6.2276873849E-01,   -1.6641206424E-01,    7.8653752187E-01,                  NaN
    4.3554687500E-01,   -6.2654388304E-01,   -1.6869205684E-01,    7.8653752187E-01,                  NaN
    4.3750000000E-01,   -6.3041020000E-01,   -1.7101196420E-01,    7.8653752187E-01,                  NaN
    4.3945312500E-01,   -6.3436609425E-01,   -1.7337199378E-01,    7.8653752187E-01,                  NaN
    4.4140625000E-01,   -6.3840978031E-01,   -1.7577229844E-01,    7.8653752187E-01,                  NaN
    4.4335937500E-01,   -6.4253929928E-01,   -1.7821297771E-01,    7.8653752187E-01,                  NaN
    4.4531250000E-01,   -6.4675253766E-01,   -1.8069407960E-01,    7.8653752187E-01,                  NaN
    4.4726562500E-01,   -6.5104724645E-01,   -1.8321560258E-01,    7.8653752187E-01,                  NaN
    4.4921875000E-01,   -6.5542105916E-01,   -1.8577749747E-01,    7.8653752187E-01,                  NaN
    4.5117187500E-01,   -6.5987150732E-01,   -1.8837966898E-01,    7.8653752187E-01,                  NaN
    4.5312500000E-01,   -6.6439603214E-01,   -1.9102197641E-01,    7.8653752187E-01,                  NaN
    4.5507812500E-01,   -6.6899199149E-01,   -1.9370423345E-01,    7.8653752187E-01,                  NaN
    4.5703125000E-01,   -6.7365666124E-01,   -1.9642620679E-01,    7.8653752187E-01,                  NaN
    4.5898437500E-01,   -6.7838723070E-01,   -1.9918761330E-01,    7.8653752187E-01,                  NaN
    4.6093750000E-01,   -6.8318079173E-01,   -2.0198811583E-01,    7.8653752187E-01,                  NaN
    4.6289062500E-01,   -6.8803432168E-01,   -2.0482731743E-01,    7.8653752187E-01,                  NaN
    4.6484375000E-01,   -6.9294466056E-01,   -2.0770475419E-01,    7.8653752187E-01,                  NaN
    4.6679687500E-01,   -6.9790848300E-01,   -2.1061988660E-01,    7.8653752187E-01,                  NaN
    4.6875000000E-01,   -7.0292226584E-01,   -2.1357208981E-01,    7.8653752187E-01,                  NaN
    4.7070312500E-01,   -7.0798225238E-01,   -2.1656064279E-01,    7.8653752187E-01,                  NaN
    4.7265625000E-01,   -7.1308441456E-01,   -2.1958471681E-01,    7.8653752187E-01,                  NaN
    4.7460937500E-01,   -7.1822441432E-01,   -2.2264336346E-01,    7.8653752187E-01,                  NaN
    4.7656250000E-01,   -7.2339756567E-01,   -2.2573550269E-01,    7.8653752187E-01,                  NaN
    4.7851562500E-01,   -7.2859879882E-01,   -2.2885991100E-01,    7.8653752187E-01,                  NaN
    4.8046875000E-01,   -7.3382262791E-01,   -2.3201521050E-01,    7.8653752187E-01,                  NaN
    4.8242187500E-01,   -7.3906312383E-01,   -2.3519985898E-01,    7.8653752187E-01,                  NaN
    4.8437500000E-01,   -7.4431389336E-01,   -2.3841214149E-01,    7.8653752187E-01,                  NaN
    4.8632812500E-01,   -7.4956806607E-01,   -2.4165016387E-01,    7.8653752187E-01,                  NaN
    4.8828125000E-01,   -7.5481828991E-01,   -2.4491184853E-01,    7.8653752187E-01,                  NaN
    4.9023437500E-01,   -7.6005673655E-01,   -2.4819493280E-01,    7.8653752187E-01,                  NaN
    4.9218750000E-01,   -7.6527511716E-01,   -2.5149697028E-01,    7.8653752187E-01,                  NaN
    4.9414062500E-01,   -7.7046470909E-01,   -2.5481533519E-01,    7.8653752187E-01,                  NaN
    4.9609375000E-01,   -7.7561639366E-01,   -2.5814723016E-01,    7.8653752187E-01,                  NaN
    4.9804687500E-01,   -7.8072070498E-01,   -2.6148969734E-01,    7.8653752187E-01,                  NaN
    5.0000000000E-01,   -7.8576788955E-01,   -2.6483963298E-01,    7.8653752187E-01,                  NaN
    5.0195312500E-01,   -7.9074797568E-01,   -2.6819380537E-01,    7.8653752187E-01,                  NaN
    5.0390625000E-01,   -7.9565085214E-01,   -2.7154887591E-01,    7.8653752187E-01,                  NaN
    5.0585937500E-01,   -8.0046635444E-01,   -2.7490142323E-01,    7.8653752187E-01,                  NaN
    5.0781250000E-01,   -8.0518435737E-01,   -2.7824796983E-01,    7.8653752187E-01,                  NaN
    5.0976562500E-01,   -8.0979487200E-01,   -2.8158501090E-01,    7.8653752187E-01,                  NaN
    5.1171875000E-01,   -8.1428814522E-01,   -2.8490904477E-01,    7.8653752187E-01,                  NaN
    5.1367187500E-01,   -8.1865475954E-01,   -2.8821660449E-01,    7.8653752187E-01,                  NaN
    5.1562500000E-01,   -8.2288573113E-01,   -2.9150428974E-01,    7.8653752187E-01,                  NaN
    5.1757812500E-01,   -8.2697260375E-01,   -2.9476879862E-01,    7.8653752187E-01,                  NaN
    5.1953125000E-01,   -8.3090753633E-01,   -2.9800695833E-01,    7.8653752187E-01,                  NaN
    5.2148437500E-01,   -8.3468338222E-01,   -3.0121575433E-01,    7.8653752187E-01,                  NaN
    5.2343750000E-01,   -8.3829375798E-01,   -3.0439235710E-01,    7.8653752187E-01,                  NaN
    5.2539062500E-01,   -8.4173310019E-01,   -3.0753414599E-01,    7.8653752187E-01,                  NaN
    5.2734375000E-01,   -8.4499670869E-01,   -3.1063872940E-01,    7.8653752187E-01,                  NaN
    5.2929687500E-01,   -8.4808077530E-01,   -3.1370396109E-01,    7.8653752187E-01,                  NaN
    5.3125000000E-01,   -8.5098239717E-01,   -3.1672795189E-01,    7.8653752187E-01,                  NaN
    5.3320312500E-01,   -8.5369957453E-01,   -3.1970907680E-01,    7.8653752187E-01,                  NaN
    5.3515625000E-01,   -8.5623119301E-01,   -3.2264597717E-01,    7.8653752187E-01,                  NaN
    5.3710937500E-01,   -8.5857699086E-01,   -3.2553755795E-01,    7.8653752187E-01,                  NaN
    5.3906250000E-01,   -8.6073751212E-01,   -3.2838298020E-01,    7.8653752187E-01,                  NaN
    5.4101562500E-01,   -8.6271404709E-01,   -3.3118164898E-01,    7.8653752187E-01,                  NaN
    5.4296875000E-01,   -8.6450856156E-01,   -3.3393319708E-01,    7.8653752187E-01,                  NaN
    5.4492187500E-01,   -8.6612361685E-01,   -3.3663746504E-01,    7.8653752187E-01,                  NaN
    5.4687500000E-01,   -8.6756228276E-01,   -3.3929447793E-01,    7.8653752187E-01,                  NaN
    5.4882812500E-01,   -8.6882804570E-01,   -3.4190441983E-01,    7.8653752187E-01,                  NaN
    5.5078125000E-01,   -8.6992471442E-01,   -3.4446760636E-01,    7.8653752187E-01,                  NaN
    5.5273437500E-01,   -8.7085632570E-01,   -3.4698445633E-01,    7.8653752187E-01,                  NaN
    5.5468750000E-01,   -8.7162705229E-01,   -3.4945546312E-01,    7.8653752187E-01,                  NaN
    5.5664062500E-01,   -8.7224111544E-01,   -3.5188116659E-01,    7.8653752187E-01,                  NaN
    5.5859375000E-01,   -8.7270270377E-01,   -3.5426212627E-01,    7.8653752187E-01,                  NaN
    5.6054687500E-01,   -8.7301590041E-01,   -3.5659889647E-01,    7.8653752187E-01,                  NaN
    5.6250000000E-01,   -8.7318461988E-01,   -3.5889200390E-01,    7.8653752187E-01,                  NaN
    5.6445312500E-01,   -8.7321255555E-01,   -3.6114192834E-01,    7.8653752187E-01,                  NaN
    5.6640625000E-01,   -8.7310313870E-01,   -3.6334908673E-01,    7.8653752187E-01,                  NaN
    5.6835937500E-01,   -8.7285950940E-01,   -3.6551382095E-01,    7.8653752187E-01,                  NaN
    5.7031250000E-01,   -8.7248449926E-01,   -3.6763638935E-01,    7.8653752187E-01,                  NaN
    5.7226562500E-01,   -8.7198062565E-01,   -3.6971696228E-01,    7.8653752187E-01,                  NaN
    5.7421875000E-01,   -8.7135009674E-01,   -3.7175562129E-01,    7.8653752187E-01,                  NaN
    5.7617187500E-01,   -8.7059482641E-01,   -3.7375236187E-01,    7.8653752187E-01,                  NaN
    5.7812500000E-01,   -8.6971645775E-01,   -3.7570709947E-01,    7.8653752187E-01,                  NaN
    5.8007812500E-01,   -8.6871639387E-01,   -3.7761967834E-01,    7.8653752187E-01,                  NaN
    5.8203125000E-01,   -8.6759583438E-01,   -3.7948988274E-01,    7.8653752187E-01,                  NaN
    5.8398437500E-01,   -8.6635581602E-01,   -3.8131745002E-01,    7.8653752187E-01,                  NaN
    5.8593750000E-01,   -8.6499725582E-01,   -3.8310208500E-01,    7.8653752187E-01,                  NaN
    5.8789062500E-01,   -8.6352099523E-01,   -3.8484347511E-01,    7.8653752187E-01,                  NaN
    5.8984375000E-01,   -8.6192784383E-01,   -3.8654130582E-01,    7.8653752187E-01,                  NaN
    5.9179687500E-01,   -8.6021862123E-01,   -3.8819527578E-01,    7.8653752187E-01,                  NaN
    5.9375000000E-01,   -8.5839419616E-01,   -3.8980511124E-01,    7.8653752187E-01,                  NaN
    5.9570312500E-01,   -8.5645552177E-01,   -3.9137057946E-01,    7.8653752187E-01,                  NaN
    5.9765625000E-01,   -8.5440366666E-01,   -3.9289150070E-01,    7.8653752187E-01,                  NaN
    5.9960937500E-01,   -8.5223984098E-01,   -3.9436775865E-01,    7.8653752187E-01,                  NaN
    6.0156250000E-01,   -8.4996541774E-01,   -3.9579930921E-01,    7.8653752187E-01,                  NaN
    6.0351562500E-01,   -8.4758194918E-01,   -3.9718618744E-01,    7.8653752187E-01,                  NaN
    6.0546875000E-01,   -8.4509117862E-01,   -3.9852851301E-01,    7.8653752187E-01,                  NaN
    6.0742187500E-01,   -8.4249504831E-01,   -3.9982649394E-01,    7.8653752187E-01,                  NaN
    6.0937500000E-01,   -8.3979570370E-01,   -4.0108042918E-01,    7.8653752187E-01,                  NaN
    6.1132812500E-01,   -8.3699549516E-01,   -4.0229071007E-01,    7.8653752187E-01,                  NaN
    6.1328125000E-01,   -8.3409697777E-01,   -4.0345782103E-01,    7.8653752187E-01,                  NaN
    6.1523437500E-01,   -8.3110291002E-01,   -4.0458233989E-01,    7.8653752187E-01,                  NaN
    6.1718750000E-01,   -8.2801625239E-01,   -4.0566493814E-01,    7.8653752187E-01,                  NaN
    6.1914062500E-01,   -8.2484016645E-01,   -4.0670638135E-01,    7.8653752187E-01,                  NaN
    6.2109375000E-01,   -8.2157801517E-01,   -4.0770753031E-01,    7.8653752187E-01,                  NaN
    6.2304687500E-01,   -8.1823336512E-01,   -4.0866934283E-01,    7.8653752187E-01,                  NaN
    6.2500000000E-01,   -8.1480999082E-01,   -4.0959287674E-01,    7.8653752187E-01,                  NaN
    6.2695312500E-01,   -8.1131188158E-01,   -4.1047929399E-01,    7.8653752187E-01,                  NaN
    6.2890625000E-01,   -8.0774325094E-01,   -4.1132986610E-01,    7.8653752187E-01,                  NaN
    6.3085937500E-01,   -8.0410854851E-01,   -4.1214598088E-01,    7.8653752187E-01,                  NaN
    6.3281250000E-01,   -8.0041247399E-01,   -4.1292915041E-01,    7.8653752187E-01,                  NaN
    6.3476562500E-01,   -7.9665999297E-01,   -4.1368102007E-01,    7.8653752187E-01,                  NaN
    6.3671875000E-01,   -7.9285635370E-01,   -4.1440337844E-01,    7.8653752187E-01,                  NaN
    6.3867187500E-01,   -7.8900710434E-01,   -4.1509816776E-01,    7.8653752187E-01,                  NaN
    6.4062500000E-01,   -7.8511810969E-01,   -4.1576749451E-01,    7.8653752187E-01,                  NaN
    6.4257812500E-01,   -7.8119556639E-01,   -4.1641363991E-01,    7.8653752187E-01,                  NaN
    6.4453125000E-01,   -7.7724601577E-01,   -4.1703906957E-01,    7.8653752187E-01,                  NaN
    6.4648437500E-01,   -7.7327635320E-01,   -4.1764644209E-01,    7.8653752187E-01,                  NaN
    6.4843750000E-01,   -7.6929383296E-01,   -4.1823861594E-01,    7.8653752187E-01,                  NaN
    6.5039062500E-01,   -7.6530606770E-01,   -4.1881865417E-01,    7.8653752187E-01,                  NaN
    6.5234375000E-01,   -7.6132102163E-01,   -4.1938982652E-01,    7.8653752187E-01,                  NaN
    6.5429687500E-01,   -7.5734699666E-01,   -4.1995560840E-01,    7.8653752187E-01,                  NaN
    6.5625000000E-01,   -7.5339261091E-01,   -4.2051967645E-01,    7.8653752187E-01,                  NaN
    6.5820312500E-01,   -7.4946676924E-01,   -4.2108590031E-01,    7.8653752187E-01,                  NaN
    6.6015625000E-01,   -7.4557862547E-01,   -4.2165833033E-01,    7.8653752187E-01,                  NaN
    6.6210937500E-01,   -7.4173753640E-01,   -4.2224118125E-01,    7.8653752187E-01,                  NaN
    6.6406250000E-01,   -7.3795300781E-01,   -4.2283881156E-01,    7.8653752187E-01,                  NaN
    6.6601562500E-01,   -7.3423463303E-01,   -4.2345569885E-01,    7.8653752187E-01,                  NaN
    6.6796875000E-01,   -7.3059202462E-01,   -4.2409641130E-01,    7.8653752187E-01,                  NaN
    6.6992187500E-01,   -7.2703474033E-01,   -4.2476557548E-01,    7.8653752187E-01,                  NaN
    6.7187500000E-01,   -7.2357220440E-01,   -4.2546784114E-01,    7.8653752187E-01,                  NaN
    6.7382812500E-01,   -7.2021362557E-01,   -4.2620784337E-01,    7.8653752187E-01,                  NaN
    6.7578125000E-01,   -7.1696791341E-01,   -4.2699016283E-01,    7.8653752187E-01,                  NaN
    6.7773437500E-01,   -7.1384359451E-01,   -4.2781928479E-01,    7.8653752187E-01,                  NaN
    6.7968750000E-01,   -7.1084873045E-01,   -4.2869955780E-01,    7.8653752187E-01,                  NaN
    6.8164062500E-01,   -7.0799083909E-01,   -4.2963515278E-01,    7.8653752187E-01,                  NaN
    6.8359375000E-01,   -7.0527682118E-01,   -4.3063002350E-01,    7.8653752187E-01,                  NaN
    6.8554687500E-01,   -7.0271289378E-01,   -4.3168786925E-01,    7.8653752187E-01,                  NaN
    6.8750000000E-01,   -7.0030453227E-01,   -4.3281210058E-01,    7.8653752187E-01,                  NaN
    6.8945312500E-01,   -6.9805642215E-01,   -4.3400580890E-01,    7.8653752187E-01,                  NaN
    6.9140625000E-01,   -6.9597242199E-01,   -4.3527174070E-01,    7.8653752187E-01,                  NaN
    6.9335937500E-01,   -6.9405553839E-01,   -4.3661227693E-01,    7.8653752187E-01,                  NaN
    6.9531250000E-01,   -6.9230791364E-01,   -4.3802941815E-01,    7.8653752187E-01,                  NaN
    6.9726562500E-01,   -6.9073082639E-01,   -4.3952477573E-01,    7.8653752187E-01,                  NaN
    6.9921875000E-01,   -6.8932470544E-01,   -4.4109956937E-01,    7.8653752187E-01,                  NaN
    7.0117187500E-01,   -6.8808915629E-01,   -4.4275463091E-01,    7.8653752187E-01,                  NaN
    7.0312500000E-01,   -6.8702299976E-01,   -4.4449041445E-01,    7.8653752187E-01,                  NaN
    7.0507812500E-01,   -6.8612432197E-01,   -4.4630701238E-01,    7.8653752187E-01,                  NaN
    7.0703125000E-01,   -6.8539053420E-01,   -4.4820417704E-01,    7.8653752187E-01,                  NaN
    7.0898437500E-01,   -6.8481844141E-01,   -4.5018134723E-01,    7.8653752187E-01,                  NaN
    7.1093750000E-01,   -6.8440431764E-01,   -4.5223767918E-01,    7.8653752187E-01,                  NaN
    7.1289062500E-01,   -6.8414398649E-01,   -4.5437208086E-01,    7.8653752187E-01,                  NaN
    7.1484375000E-01,   -6.8403290487E-01,   -4.5658324899E-01,    7.8653752187E-01,                  NaN
    7.1679687500E-01,   -6.8406624801E-01,   -4.5886970774E-01,    7.8653752187E-01,                  NaN
    7.1875000000E-01,   -6.8423899371E-01,   -4.6122984816E-01,    7.8653752187E-01,                  NaN
    7.2070312500E-01,   -6.8454600422E-01,   -4.6366196733E-01,    7.8653752187E-01,                  NaN
    7.2265625000E-01,   -6.8498210376E-01,   -4.6616430649E-01,    7.8653752187E-01,                  NaN
    7.2460937500E-01,   -6.8554215025E-01,   -4.6873508703E-01,    7.8653752187E-01,                  NaN
    7.2656250000E-01,   -6.8622109982E-01,   -4.7137254378E-01,    7.8653752187E-01,                  NaN
    7.2851562500E-01,   -6.8701406312E-01,   -4.7407495477E-01,    7.8653752187E-01,                  NaN
    7.3046875000E-01,   -6.8791635234E-01,   -4.7684066697E-01,    7.8653752187E-01,                  NaN
    7.3242187500E-01,   -6.8892351865E-01,   -4.7966811753E-01,    7.8653752187E-01,                  NaN
    7.3437500000E-01,   -6.9003137956E-01,   -4.8255585026E-01,    7.8653752187E-01,                  NaN
    7.3632812500E-01,   -6.9123603635E-01,   -4.8550252720E-01,    7.8653752187E-01,                  NaN
    7.3828125000E-01,   -6.9253388171E-01,   -4.8850693520E-01,    7.8653752187E-01,                  NaN
    7.4023437500E-01,   -6.9392159824E-01,   -4.9156798775E-01,    7.8653752187E-01,                  NaN
    7.4218750000E-01,   -6.9539614844E-01,   -4.9468472219E-01,    7.8653752187E-01,                  NaN
    7.4414062500E-01,   -6.9695475711E-01,   -4.9785629274E-01,    7.8653752187E-01,                  NaN
    7.4609375000E-01,   -6.9859488734E-01,   -5.0108195973E-01,    7.8653752187E-01,                  NaN
    7.4804687500E-01,   -7.0031421096E-01,   -5.0436107560E-01,    7.8653752187E-01,                  NaN
    7.5000000000E-01,   -7.0211057503E-01,   -5.0769306819E-01,    7.8653752187E-01,                  NaN
    7.5195312500E-01,   -7.0398196521E-01,   -5.1107742194E-01,    7.8653752187E-01,                  NaN
    7.5390625000E-01,   -7.0592646747E-01,   -5.1451365756E-01,    7.8653752187E-01,                  NaN
    7.5585937500E-01,   -7.0794222916E-01,   -5.1800131085E-01,    7.8653752187E-01,                  NaN
    7.5781250000E-01,   -7.1002742042E-01,   -5.2153991112E-01,    7.8653752187E-01,                  NaN
    7.5976562500E-01,   -7.1218019698E-01,   -5.2512895976E-01,    7.8653752187E-01,                  NaN
    7.6171875000E-01,   -7.1439866489E-01,   -5.2876790946E-01,    7.8653752187E-01,                  NaN
    7.6367187500E-01,   -7.1668084795E-01,   -5.3245614430E-01,    7.8653752187E-01,                  NaN
    7.6562500000E-01,   -7.1902465818E-01,   -5.3619296117E-01,    7.8653752187E-01,                  NaN
    7.6757812500E-01,   -7.2142786951E-01,   -5.3997755258E-01,    7.8653752187E-01,                  NaN
    7.6953125000E-01,   -7.2388809497E-01,   -5.4380899107E-01,    7.8653752187E-01,                  NaN
    7.7148437500E-01,   -7.2640276712E-01,   -5.4768621527E-01,    7.8653752187E-01,                  NaN
    7.7343750000E-01,   -7.2896912162E-01,   -5.5160801746E-01,    7.8653752187E-01,                  NaN
    7.7539062500E-01,   -7.3158418377E-01,   -5.5557303278E-01,    7.8653752187E-01,                  NaN
    7.7734375000E-01,   -7.3424475742E-01,   -5.5957972969E-01,    7.8653752187E-01,                  NaN
    7.7929687500E-01,   -7.3694741608E-01,   -5.6362640176E-01,    7.8653752187E-01,                  NaN
    7.8125000000E-01,   -7.3968849566E-01,   -5.6771116047E-01,    7.8653752187E-01,                  NaN
    7.8320312500E-01,   -7.4246408847E-01,   -5.7183192888E-01,    7.8653752187E-01,                  NaN
    7.8515625000E-01,   -7.4527003811E-01,   -5.7598643602E-01,    7.8653752187E-01,                  NaN
    7.8710937500E-01,   -7.4810193494E-01,   -5.8017221184E-01,    7.8653752187E-01,                  NaN
    7.8906250000E-01,   -7.5095511190E-01,   -5.8438658266E-01,    7.8653752187E-01,                  NaN
    7.9101562500E-01,   -7.5382464052E-01,   -5.8862666703E-01,    7.8653752187E-01,                  NaN
    7.9296875000E-01,   -7.5670532715E-01,   -5.9288937205E-01,    7.8653752187E-01,                  NaN
    7.9492187500E-01,   -7.5959170960E-01,   -5.9717139018E-01,    7.8653752187E-01,                  NaN
    7.9687500000E-01,   -7.6247805416E-01,   -6.0146919674E-01,    7.8653752187E-01,                  NaN
    7.9882812500E-01,   -7.6535835360E-01,   -6.0577904816E-01,    7.8653752187E-01,                  NaN
    8.0078125000E-01,   -7.6822632646E-01,   -6.1009698142E-01,    7.8653752187E-01,                  NaN
    8.0273437500E-01,   -7.7107541813E-01,   -6.1441881476E-01,    7.8653752187E-01,                  NaN
    8.0468750000E-01,   -7.7389880431E-01,   -6.1874015018E-01,    7.8653752187E-01,                  NaN
    8.0664062500E-01,   -7.7668939751E-01,   -6.2305637796E-01,    7.8653752187E-01,                  NaN
    8.0859375000E-01,   -7.7943985703E-01,   -6.2736268349E-01,    7.8653752187E-01,                  NaN
    8.1054687500E-01,   -7.8214260323E-01,   -6.3165405689E-01,    7.8653752187E-01,                  NaN
    8.1250000000E-01,   -7.8478983634E-01,   -6.3592530558E-01,    7.8653752187E-01,                  NaN
    8.1445312500E-01,   -7.8737356050E-01,   -6.4017107013E-01,    7.8653752187E-01,                  NaN
    8.1640625000E-01,   -7.8988561326E-01,   -6.4438584364E-01,    7.8653752187E-01,                  NaN
    8.1835937500E-01,   -7.9231770071E-01,   -6.4856399455E-01,    7.8653752187E-01,                  NaN
    8.2031250000E-01,   -7.9466143826E-01,   -6.5269979317E-01,    7.8653752187E-01,                  NaN
    8.2226562500E-01,   -7.9690839709E-01,   -6.5678744165E-01,    7.8653752187E-01,                  NaN
    8.2421875000E-01,   -7.9905015578E-01,   -6.6082110734E-01,    7.8653752187E-01,                  NaN
    8.2617187500E-01,   -8.0107835674E-01,   -6.6479495912E-01,    7.8653752187E-01,                  NaN
    8.2812500000E-01,   -8.0298476674E-01,   -6.6870320644E-01,    7.8653752187E-01,                  NaN
    8.3007812500E-01,   -8.0476134052E-01,   -6.7254014041E-01,    7.8653752187E-01,                  NaN
    8.3203125000E-01,   -8.0640028669E-01,   -6.7630017640E-01,    7.8653752187E-01,                  NaN
    8.3398437500E-01,   -8.0789413455E-01,   -6.7997789744E-01,    7.8653752187E-01,                  NaN
    8.3593750000E-01,   -8.0923580083E-01,   -6.8356809765E-01,    7.8653752187E-01,                  NaN
    8.3789062500E-01,   -8.1041865488E-01,   -6.8706582510E-01,    7.8653752187E-01,                  NaN
    8.3984375000E-01,   -8.1143658111E-01,   -6.9046642303E-01,    7.8653752187E-01,                  NaN
    8.4179687500E-01,   -8.1228403734E-01,   -6.9376556884E-01,    7.8653752187E-01,                  NaN
    8.4375000000E-01,   -8.1295610761E-01,   -6.9695930985E-01,    7.8653752187E-01,                  NaN
    8.4570312500E-01,   -8.1344854851E-01,   -7.0004409522E-01,    7.8653752187E-01,                  NaN
    8.4765625000E-01,   -8.1375782771E-01,   -7.0301680324E-01,    7.8653752187E-01,                  NaN
    8.4960937500E-01,   -8.1388115392E-01,   -7.0587476359E-01,    7.8653752187E-01,                  NaN
    8.5156250000E-01,   -8.1381649746E-01,   -7.0861577385E-01,    7.8653752187E-01,                  NaN
    8.5351562500E-01,   -8.1356260094E-01,   -7.1123811001E-01,    7.8653752187E-01,                  NaN
    8.5546875000E-01,   -8.1311897982E-01,   -7.1374053088E-01,    7.8653752187E-01,                  NaN
    8.5742187500E-01,   -8.1248591261E-01,   -7.1612227608E-01,    7.8653752187E-01,                  NaN
    8.5937500000E-01,   -8.1166442116E-01,   -7.1838305791E-01,    7.8653752187E-01,                  NaN
    8.6132812500E-01,   -8.1065624125E-01,   -7.2052304724E-01,    7.8653752187E-01,                  NaN
    8.6328125000E-01,   -8.0946378421E-01,   -7.2254285378E-01,    7.8653752187E-01,                  NaN
    8.6523437500E-01,   -8.0809009048E-01,   -7.2444350107E-01,    7.8653752187E-01,                  NaN
    8.6718750000E-01,   -8.0653877609E-01,   -7.2622639714E-01,    7.8653752187E-01,                  NaN
    8.6914062500E-01,   -8.0481397332E-01,   -7.2789330131E-01,    7.8653752187E-01,                  NaN
    8.7109375000E-01,   -8.0292026671E-01,   -7.2944628784E-01,    7.8653752187E-01,                  NaN
    8.7304687500E-01,   -8.0086262582E-01,   -7.3088770742E-01,    7.8653752187E-01,                  NaN
    8.7500000000E-01,   -7.9864633635E-01,   -7.3222014731E-01,    7.8653752187E-01,                  NaN
    8.7695312500E-01,   -7.9627693089E-01,   -7.3344639095E-01,    7.8653752187E-01,                  NaN
    8.7890625000E-01,   -7.9376012072E-01,   -7.3456937799E-01,    7.8653752187E-01,                  NaN
    8.8085937500E-01,   -7.9110172994E-01,   -7.3559216545E-01,    7.8653752187E-01,                  NaN
    8.8281250000E-01,   -7.8830763327E-01,   -7.3651789075E-01,    7.8653752187E-01,                  NaN
    8.8476562500E-01,   -7.8538369831E-01,   -7.3734973733E-01,    7.8653752187E-01,                  NaN
    8.8671875000E-01,   -7.8233573342E-01,   -7.3809090328E-01,    7.8653752187E-01,                  NaN
    8.8867187500E-01,   -7.7916944172E-01,   -7.3874457358E-01,    7.8653752187E-01,                  NaN
    8.9062500000E-01,   -7.7589038185E-01,   -7.3931389606E-01,    7.8653752187E-01,                  NaN
    8.9257812500E-01,   -7.7250393570E-01,   -7.3980196152E-01,    7.8653752187E-01,                  NaN
    8.9453125000E-01,   -7.6901528335E-01,   -7.4021178786E-01,    7.8653752187E-01,                  NaN
    8.9648437500E-01,   -7.6542938511E-01,   -7.4054630834E-01,    7.8653752187E-01,                  NaN
    8.9843750000E-01,   -7.6175097049E-01,   -7.4080836374E-01,    7.8653752187E-01,                  NaN
    9.0039062500E-01,   -7.5798453365E-01,   -7.4100069824E-01,    7.8653752187E-01,                  NaN
    9.0234375000E-01,   -7.5413433500E-01,   -7.4112595870E-01,    7.8653752187E-01,                  NaN
    9.0429687500E-01,   -7.5020440809E-01,   -7.4118669695E-01,    7.8653752187E-01,                  NaN
    9.0625000000E-01,   -7.4619857137E-01,   -7.4118537464E-01,    7.8653752187E-01,                  NaN
    9.0820312500E-01,   -7.4212044388E-01,   -7.4112437024E-01,    7.8653752187E-01,                  NaN
    9.1015625000E-01,   -7.3797346431E-01,   -7.4100598775E-01,    7.8653752187E-01,                  NaN
    9.1210937500E-01,   -7.3376091263E-01,   -7.4083246675E-01,    7.8653752187E-01,                  NaN
    9.1406250000E-01,   -7.2948593355E-01,   -7.4060599323E-01,    7.8653752187E-01,                  NaN
    9.1601562500E-01,   -7.2515156132E-01,   -7.4032871099E-01,    7.8653752187E-01,                  NaN
    9.1796875000E-01,   -7.2076074509E-01,   -7.4000273316E-01,    7.8653752187E-01,                  NaN
    9.1992187500E-01,   -7.1631637452E-01,   -7.3963015362E-01,    7.8653752187E-01,                  NaN
    9.2187500000E-01,   -7.1182130499E-01,   -7.3921305819E-01,    7.8653752187E-01,                  NaN
    9.2382812500E-01,   -7.0727838230E-01,   -7.3875353527E-01,    7.8653752187E-01,                  NaN
    9.2578125000E-01,   -7.0269046629E-01,   -7.3825368613E-01,    7.8653752187E-01,                  NaN
    9.2773437500E-01,   -6.9806045347E-01,   -7.3771563442E-01,    7.8653752187E-01,                  NaN
    9.2968750000E-01,   -6.9339129822E-01,   -7.3714153521E-01,    7.8653752187E-01,                  NaN
    9.3164062500E-01,   -6.8868603257E-01,   -7.3653358344E-01,    7.8653752187E-01,                  NaN
    9.3359375000E-01,   -6.8394778461E-01,   -7.3589402181E-01,    7.8653752187E-01,                  NaN
    9.3554687500E-01,   -6.7917979530E-01,   -7.3522514833E-01,    7.8653752187E-01,                  NaN
    9.3750000000E-01,   -6.7438543387E-01,   -7.3452932342E-01,    7.8653752187E-01,                  NaN
    9.3945312500E-01,   -6.6956821223E-01,   -7.3380897693E-01,    7.8653752187E-01,                  NaN
    9.4140625000E-01,   -6.6473179748E-01,   -7.3306661421E-01,    7.8653752187E-01,                  NaN
    9.4335937500E-01,   -6.5988002104E-01,   -7.3230482185E-01,    7.8653752187E-01,                  NaN
    9.4531250000E-01,   -6.5501688602E-01,   -7.3152627324E-01,    7.8653752187E-01,                  NaN
    9.4726562500E-01,   -6.5014657370E-01,   -7.3073373391E-01,    7.8653752187E-01,                  NaN
    9.4921875000E-01,   -6.4527344813E-01,   -7.2993006619E-01,    7.8653752187E-01,                  NaN
    9.5117187500E-01,   -6.4040205795E-01,   -7.2911823295E-01,    7.8653752187E-01,                  NaN
    9.5312500000E-01,   -6.3553713510E-01,   -7.2830130020E-01,    7.8653752187E-01,                  NaN
    9.5507812500E-01,   -6.3068359063E-01,   -7.2748243839E-01,    7.8653752187E-01,                  NaN
    9.5703125000E-01,   -6.2584650728E-01,   -7.2666492211E-01,    7.8653752187E-01,                  NaN
    9.5898437500E-01,   -6.2103112868E-01,   -7.2585212782E-01,    7.8653752187E-01,                  NaN
    9.6093750000E-01,   -6.1624284505E-01,   -7.2504752970E-01,    7.8653752187E-01,                  NaN
    9.6289062500E-01,   -6.1148717511E-01,   -7.2425469309E-01,    7.8653752187E-01,                  NaN
    9.6484375000E-01,   -6.0676974416E-01,   -7.2347726541E-01,    7.8653752187E-01,                  NaN
    9.6679687500E-01,   -6.0209625820E-01,   -7.2271896406E-01,    7.8653752187E-01,                  NaN
    9.6875000000E-01,   -5.9747247441E-01,   -7.2198356152E-01,    7.8653752187E-01,                  NaN
    9.7070312500E-01,   -5.9290416803E-01,   -7.2127486749E-01,    7.8653752187E-01,                  NaN
    9.7265625000E-01,   -5.8839709599E-01,   -7.2059670804E-01,    7.8653752187E-01,                  NaN
    9.7460937500E-01,   -5.8395695756E-01,   -7.1995290202E-01,    7.8653752187E-01,                  NaN
    9.7656250000E-01,   -5.7958935274E-01,   -7.1934723489E-01,    7.8653752187E-01,                  NaN
    9.7851562500E-01,   -5.7529973860E-01,   -7.1878343025E-01,    7.8653752187E-01,                  NaN
    9.8046875000E-01,   -5.7109338467E-01,   -7.1826511948E-01,    7.8653752187E-01,                  NaN
    9.8242187500E-01,   -5.6697532802E-01,   -7.1779581012E-01,    7.8653752187E-01,                  NaN
    9.8437500000E-01,   -5.6295032882E-01,   -7.1737885335E-01,    7.8653752187E-01,                  NaN
    9.8632812500E-01,   -5.5902282704E-01,   -7.1701741122E-01,    7.8653752187E-01,                  NaN
    9.8828125000E-01,   -5.5519690120E-01,   -7.1671442418E-01,    7.8653752187E-01,                  NaN
    9.9023437500E-01,   -5.5147623022E-01,   -7.1647257977E-01,    7.8653752187E-01,                  NaN
    9.9218750000E-01,   -5.4786405802E-01,   -7.1629428300E-01,    7.8653752187E-01,                  NaN
    9.9414062500E-01,   -5.4436316055E-01,   -7.1618162915E-01,    7.8653752187E-01,                  NaN
    9.9609375000E-01,   -5.4097582056E-01,   -7.1613638049E-01,    7.8653752187E-01,                  NaN
    9.9804687500E-01,   -5.3770381314E-01,   -7.1615994677E-01,    7.8653752187E-01,                  NaN
    1.0000000000E+00,   -5.3454839568E-01,   -7.1625337051E-01,    7.8653752187E-01,                  NaN
                 NaN,   -5.9263521571E-01,   -3.0543826222E-01,    7.8653752187E-01,                  NaN
