                Time,             Y-Force,      Work integrand,                Mass,           Mass error
    0.0000000000E+00,    3.9968028887E-15,    0.0000000000E+00,    7.8542744471E-01,                  NaN
    1.9531250000E-03,   -6.0679987250E-05,    3.2201399252E-11,    7.8542744471E-01,                  NaN
    3.9062500000E-03,   -2.2265795779E-04,   -5.8991595644E-09,    7.8542744471E-01,                  NaN
    5.8593750000E-03,   -4.8420995324E-04,   -3.3126418012E-08,    7.8542744471E-01,                  NaN
    7.8125000000E-03,   -8.4592149278E-04,   -1.0568836152E-07,    7.8542744471E-01,                  NaN
    9.7656250000E-03,   -1.3079598814E-03,   -2.5575652976E-07,    7.8542744471E-01,                  NaN
    1.1718750000E-02,   -1.8705652948E-03,   -5.2349048356E-07,    7.8542744471E-01,                  NaN
    1.3671875000E-02,   -2.5338148276E-03,   -9.5697211752E-07,    7.8542744471E-01,                  NaN
    1.5625000000E-02,   -3.2979633845E-03,   -1.6121508969E-06,    7.8542744471E-01,                  NaN
    1.7578125000E-02,   -4.1634625672E-03,   -2.5528307734E-06,    7.8542744471E-01,                  NaN
    1.9531250000E-02,   -5.1307409922E-03,   -3.8505857089E-06,    7.8542744471E-01,                  NaN
    2.1484375000E-02,   -6.2001388851E-03,   -5.5846624483E-06,    7.8542744471E-01,                  NaN
    2.3437500000E-02,   -7.3719869960E-03,   -7.8419538498E-06,    7.8542744471E-01,                  NaN
    2.5390625000E-02,   -8.6466868044E-03,   -1.0717036255E-05,    7.8542744471E-01,                  NaN
    2.7343750000E-02,   -1.0024673657E-02,   -1.4312148822E-05,    7.8542744471E-01,                  NaN
    2.9296875000E-02,   -1.1506339084E-02,   -1.8737090121E-05,    7.8542744471E-01,                  NaN
    3.1250000000E-02,   -1.3092048489E-02,   -2.4109183571E-05,    7.8542744471E-01,                  NaN
    3.3203125000E-02,   -1.4782197179E-02,   -3.0553328785E-05,    7.8542744471E-01,                  NaN
    3.5156250000E-02,   -1.6577184804E-02,   -3.8201958245E-05,    7.8542744471E-01,                  NaN
    3.7109375000E-02,   -1.8477355405E-02,   -4.7194884869E-05,    7.8542744471E-01,                  NaN
    3.9062500000E-02,   -2.0483014425E-02,   -5.7679254064E-05,    7.8542744471E-01,                  NaN
    4.1015625000E-02,   -2.2594494108E-02,   -6.9809647307E-05,    7.8542744471E-01,                  NaN
    4.2968750000E-02,   -2.4812156857E-02,   -8.3748099100E-05,    7.8542744471E-01,                  NaN
    4.4921875000E-02,   -2.7136330157E-02,   -9.9663898070E-05,    7.8542744471E-01,                  NaN
    4.6875000000E-02,   -2.9567271866E-02,   -1.1773338601E-04,    7.8542744471E-01,                  NaN
    4.8828125000E-02,   -3.2105213086E-02,   -1.3813998807E-04,    7.8542744471E-01,                  NaN
    5.0781250000E-02,   -3.4750411951E-02,   -1.6107435879E-04,    7.8542744471E-01,                  NaN
    5.2734375000E-02,   -3.7503141207E-02,   -1.8673433063E-04,    7.8542744471E-01,                  NaN
    5.4687500000E-02,   -4.0363623956E-02,   -2.1532458896E-04,    7.8542744471E-01,                  NaN
    5.6640625000E-02,   -4.3331994723E-02,   -2.4705634472E-04,    7.8542744471E-01,                  NaN
    5.8593750000E-02,   -4.6408328468E-02,   -2.8214729199E-04,    7.8542744471E-01,                  NaN
    6.0546875000E-02,   -4.9592706311E-02,   -3.2082183493E-04,    7.8542744471E-01,                  NaN
    6.2500000000E-02,   -5.2885257385E-02,   -3.6331130626E-04,    7.8542744471E-01,                  NaN
    6.4453125000E-02,   -5.6286145042E-02,   -4.0985391168E-04,    7.8542744471E-01,                  NaN
    6.6406250000E-02,   -5.9795509748E-02,   -4.6069433825E-04,    7.8542744471E-01,                  NaN
    6.8359375000E-02,   -6.3413404337E-02,   -5.1608316709E-04,    7.8542744471E-01,                  NaN
    7.0312500000E-02,   -6.7139755896E-02,   -5.7627632853E-04,    7.8542744471E-01,                  NaN
    7.2265625000E-02,   -7.0974372679E-02,   -6.4153482231E-04,    7.8542744471E-01,                  NaN
    7.4218750000E-02,   -7.4916992089E-02,   -7.1212480062E-04,    7.8542744471E-01,                  NaN
    7.6171875000E-02,   -7.8967345102E-02,   -7.8831791779E-04,    7.8542744471E-01,                  NaN
    7.8125000000E-02,   -8.3125204795E-02,   -8.7039169221E-04,    7.8542744471E-01,                  NaN
    8.0078125000E-02,   -8.7390397149E-02,   -9.5862961357E-04,    7.8542744471E-01,                  NaN
    8.2031250000E-02,   -9.1762773592E-02,   -1.0533208707E-03,    7.8542744471E-01,                  NaN
    8.3984375000E-02,   -9.6242161713E-02,   -1.1547597621E-03,    7.8542744471E-01,                  NaN
    8.5937500000E-02,   -1.0082831449E-01,   -1.2632449596E-03,    7.8542744471E-01,                  NaN
    8.7890625000E-02,   -1.0552087208E-01,   -1.3790787937E-03,    7.8542744471E-01,                  NaN
    8.9843750000E-02,   -1.1031934231E-01,   -1.5025666688E-03,    7.8542744471E-01,                  NaN
    9.1796875000E-02,   -1.1522310218E-01,   -1.6340166724E-03,    7.8542744471E-01,                  NaN
    9.3750000000E-02,   -1.2023142040E-01,   -1.7737394212E-03,    7.8542744471E-01,                  NaN
    9.5703125000E-02,   -1.2534349753E-01,   -1.9220481537E-03,    7.8542744471E-01,                  NaN
    9.7656250000E-02,   -1.3055851378E-01,   -2.0792590018E-03,    7.8542744471E-01,                  NaN
    9.9609375000E-02,   -1.3587566812E-01,   -2.2456912750E-03,    7.8542744471E-01,                  NaN
    1.0156250000E-01,   -1.4129419229E-01,   -2.4216675220E-03,    7.8542744471E-01,                  NaN
    1.0351562500E-01,   -1.4681332983E-01,   -2.6075131607E-03,    7.8542744471E-01,                  NaN
    1.0546875000E-01,   -1.5243228261E-01,   -2.8035555930E-03,    7.8542744471E-01,                  NaN
    1.0742187500E-01,   -1.5815014004E-01,   -3.0101228975E-03,    7.8542744471E-01,                  NaN
    1.0937500000E-01,   -1.6396581295E-01,   -3.2275423629E-03,    7.8542744471E-01,                  NaN
    1.1132812500E-01,   -1.6987799438E-01,   -3.4561392028E-03,    7.8542744471E-01,                  NaN
    1.1328125000E-01,   -1.7588516132E-01,   -3.6962357731E-03,    7.8542744471E-01,                  NaN
    1.1523437500E-01,   -1.8198561960E-01,   -3.9481514731E-03,    7.8542744471E-01,                  NaN
    1.1718750000E-01,   -1.8817758052E-01,   -4.2122033108E-03,    7.8542744471E-01,                  NaN
    1.1914062500E-01,   -1.9445924806E-01,   -4.4887068918E-03,    7.8542744471E-01,                  NaN
    1.2109375000E-01,   -2.0082889082E-01,   -4.7779774246E-03,    7.8542744471E-01,                  NaN
    1.2304687500E-01,   -2.0728487641E-01,   -5.0803302803E-03,    7.8542744471E-01,                  NaN
    1.2500000000E-01,   -2.1382565536E-01,   -5.3960807190E-03,    7.8542744471E-01,                  NaN
    1.2695312500E-01,   -2.2044969416E-01,   -5.7255425827E-03,    7.8542744471E-01,                  NaN
    1.2890625000E-01,   -2.2715536961E-01,   -6.0690259846E-03,    7.8542744471E-01,                  NaN
    1.3085937500E-01,   -2.3394084425E-01,   -6.4268342346E-03,    7.8542744471E-01,                  NaN
    1.3281250000E-01,   -2.4080394522E-01,   -6.7992603701E-03,    7.8542744471E-01,                  NaN
    1.3476562500E-01,   -2.4774206642E-01,   -7.1865837018E-03,    7.8542744471E-01,                  NaN
    1.3671875000E-01,   -2.5475210919E-01,   -7.5890667748E-03,    7.8542744471E-01,                  NaN
    1.3867187500E-01,   -2.6183047126E-01,   -8.0069531132E-03,    7.8542744471E-01,                  NaN
    1.4062500000E-01,   -2.6897308995E-01,   -8.4404661052E-03,    7.8542744471E-01,                  NaN
    1.4257812500E-01,   -2.7617554149E-01,   -8.8898093655E-03,    7.8542744471E-01,                  NaN
    1.4453125000E-01,   -2.8343319329E-01,   -9.3551688315E-03,    7.8542744471E-01,                  NaN
    1.4648437500E-01,   -2.9074139770E-01,   -9.8367166423E-03,    7.8542744471E-01,                  NaN
    1.4843750000E-01,   -2.9809570436E-01,   -1.0334616474E-02,    7.8542744471E-01,                  NaN
    1.5039062500E-01,   -3.0549205597E-01,   -1.0849029501E-02,    7.8542744471E-01,                  NaN
    1.5234375000E-01,   -3.1292692286E-01,   -1.1380119620E-02,    7.8542744471E-01,                  NaN
    1.5429687500E-01,   -3.2039732953E-01,   -1.1928056190E-02,    7.8542744471E-01,                  NaN
    1.5625000000E-01,   -3.2790073479E-01,   -1.2493012462E-02,    7.8542744471E-01,                  NaN
    1.5820312500E-01,   -3.3543474657E-01,   -1.3075158214E-02,    7.8542744471E-01,                  NaN
    1.6015625000E-01,   -3.4299668081E-01,   -1.3674645894E-02,    7.8542744471E-01,                  NaN
    1.6210937500E-01,   -3.5058300511E-01,   -1.4291590670E-02,    7.8542744471E-01,                  NaN
    1.6406250000E-01,   -3.5818873559E-01,   -1.4926046029E-02,    7.8542744471E-01,                  NaN
    1.6601562500E-01,   -3.6580687361E-01,   -1.5577977667E-02,    7.8542744471E-01,                  NaN
    1.6796875000E-01,   -3.7342797281E-01,   -1.6247239138E-02,    7.8542744471E-01,                  NaN
    1.6992187500E-01,   -3.8103991482E-01,   -1.6933552903E-02,    7.8542744471E-01,                  NaN
    1.7187500000E-01,   -3.8862794638E-01,   -1.7636500026E-02,    7.8542744471E-01,                  NaN
    1.7382812500E-01,   -3.9617499583E-01,   -1.8355520741E-02,    7.8542744471E-01,                  NaN
    1.7578125000E-01,   -4.0366224826E-01,   -1.9089926781E-02,    7.8542744471E-01,                  NaN
    1.7773437500E-01,   -4.1106992464E-01,   -1.9838924818E-02,    7.8542744471E-01,                  NaN
    1.7968750000E-01,   -4.1837818337E-01,   -2.0601648913E-02,    7.8542744471E-01,                  NaN
    1.8164062500E-01,   -4.2556805015E-01,   -2.1377198781E-02,    7.8542744471E-01,                  NaN
    1.8359375000E-01,   -4.3262228132E-01,   -2.2164680011E-02,    7.8542744471E-01,                  NaN
    1.8554687500E-01,   -4.3952607923E-01,   -2.2963242290E-02,    7.8542744471E-01,                  NaN
    1.8750000000E-01,   -4.4626760004E-01,   -2.3772112094E-02,    7.8542744471E-01,                  NaN
    1.8945312500E-01,   -4.5283822253E-01,   -2.4590617182E-02,    7.8542744471E-01,                  NaN
    1.9140625000E-01,   -4.5923257519E-01,   -2.5418201309E-02,    7.8542744471E-01,                  NaN
    1.9335937500E-01,   -4.6544834440E-01,   -2.6254428778E-02,    7.8542744471E-01,                  NaN
    1.9531250000E-01,   -4.7148590661E-01,   -2.7098979576E-02,    7.8542744471E-01,                  NaN
    1.9726562500E-01,   -4.7734783850E-01,   -2.7951636655E-02,    7.8542744471E-01,                  NaN
    1.9921875000E-01,   -4.8303836341E-01,   -2.8812267542E-02,    7.8542744471E-01,                  NaN
    2.0117187500E-01,   -4.8856278814E-01,   -2.9680802628E-02,    7.8542744471E-01,                  NaN
    2.0312500000E-01,   -4.9392697556E-01,   -3.0557212433E-02,    7.8542744471E-01,                  NaN
    2.0507812500E-01,   -4.9913688648E-01,   -3.1441485808E-02,    7.8542744471E-01,                  NaN
    2.0703125000E-01,   -5.0419821102E-01,   -3.2333610587E-02,    7.8542744471E-01,                  NaN
    2.0898437500E-01,   -5.0911609800E-01,   -3.3233557676E-02,    7.8542744471E-01,                  NaN
    2.1093750000E-01,   -5.1389498077E-01,   -3.4141269098E-02,    7.8542744471E-01,                  NaN
    2.1289062500E-01,   -5.1853849066E-01,   -3.5056650080E-02,    7.8542744471E-01,                  NaN
    2.1484375000E-01,   -5.2304944468E-01,   -3.5979564954E-02,    7.8542744471E-01,                  NaN
    2.1679687500E-01,   -5.2742989126E-01,   -3.6909836388E-02,    7.8542744471E-01,                  NaN
    2.1875000000E-01,   -5.3168119756E-01,   -3.7847247335E-02,    7.8542744471E-01,                  NaN
    2.2070312500E-01,   -5.3580416176E-01,   -3.8791544959E-02,    7.8542744471E-01,                  NaN
    2.2265625000E-01,   -5.3979913581E-01,   -3.9742445778E-02,    7.8542744471E-01,                  NaN
    2.2460937500E-01,   -5.4366614573E-01,   -4.0699641297E-02,    7.8542744471E-01,                  NaN
    2.2656250000E-01,   -5.4740499998E-01,   -4.1662803481E-02,    7.8542744471E-01,                  NaN
    2.2851562500E-01,   -5.5101537939E-01,   -4.2631589558E-02,    7.8542744471E-01,                  NaN
    2.3046875000E-01,   -5.5449690585E-01,   -4.3605645866E-02,    7.8542744471E-01,                  NaN
    2.3242187500E-01,   -5.5784919027E-01,   -4.4584610633E-02,    7.8542744471E-01,                  NaN
    2.3437500000E-01,   -5.6107186300E-01,   -4.5568115801E-02,    7.8542744471E-01,                  NaN
    2.3632812500E-01,   -5.6416459162E-01,   -4.6555788154E-02,    7.8542744471E-01,                  NaN
    2.3828125000E-01,   -5.6712709142E-01,   -4.7547250075E-02,    7.8542744471E-01,                  NaN
    2.4023437500E-01,   -5.6995913315E-01,   -4.8542120245E-02,    7.8542744471E-01,                  NaN
    2.4218750000E-01,   -5.7266055124E-01,   -4.9540014496E-02,    7.8542744471E-01,                  NaN
    2.4414062500E-01,   -5.7523125334E-01,   -5.0540546901E-02,    7.8542744471E-01,                  NaN
    2.4609375000E-01,   -5.7767123038E-01,   -5.1543331024E-02,    7.8542744471E-01,                  NaN
    2.4804687500E-01,   -5.7998056511E-01,   -5.2547981123E-02,    7.8542744471E-01,                  NaN
    2.5000000000E-01,   -5.8215943643E-01,   -5.3554113053E-02,    7.8542744471E-01,                  NaN
    2.5195312500E-01,   -5.8420811791E-01,   -5.4561344676E-02,    7.8542744471E-01,                  NaN
    2.5390625000E-01,   -5.8612696978E-01,   -5.5569295642E-02,    7.8542744471E-01,                  NaN
    2.5585937500E-01,   -5.8791642589E-01,   -5.6577586623E-02,    7.8542744471E-01,                  NaN
    2.5781250000E-01,   -5.8957697859E-01,   -5.7585838227E-02,    7.8542744471E-01,                  NaN
    2.5976562500E-01,   -5.9110916551E-01,   -5.8593669953E-02,    7.8542744471E-01,                  NaN
    2.6171875000E-01,   -5.9251356266E-01,   -5.9600699644E-02,    7.8542744471E-01,                  NaN
    2.6367187500E-01,   -5.9379078709E-01,   -6.0606543819E-02,    7.8542744471E-01,                  NaN
    2.6562500000E-01,   -5.9494151082E-01,   -6.1610819148E-02,    7.8542744471E-01,                  NaN
    2.6757812500E-01,   -5.9596648533E-01,   -6.2613145138E-02,    7.8542744471E-01,                  NaN
    2.6953125000E-01,   -5.9686657359E-01,   -6.3613147800E-02,    7.8542744471E-01,                  NaN
    2.7148437500E-01,   -5.9764278467E-01,   -6.4610463885E-02,    7.8542744471E-01,                  NaN
    2.7343750000E-01,   -5.9829630502E-01,   -6.5604745093E-02,    7.8542744471E-01,                  NaN
    2.7539062500E-01,   -5.9882852061E-01,   -6.6595661586E-02,    7.8542744471E-01,                  NaN
    2.7734375000E-01,   -5.9924102550E-01,   -6.7582904261E-02,    7.8542744471E-01,                  NaN
    2.7929687500E-01,   -5.9953561476E-01,   -6.8566185381E-02,    7.8542744471E-01,                  NaN
    2.8125000000E-01,   -5.9971426258E-01,   -6.9545237518E-02,    7.8542744471E-01,                  NaN
    2.8320312500E-01,   -5.9977908921E-01,   -7.0519811034E-02,    7.8542744471E-01,                  NaN
    2.8515625000E-01,   -5.9973232302E-01,   -7.1489670711E-02,    7.8542744471E-01,                  NaN
    2.8710937500E-01,   -5.9957626500E-01,   -7.2454592295E-02,    7.8542744471E-01,                  NaN
    2.8906250000E-01,   -5.9931326335E-01,   -7.3414359906E-02,    7.8542744471E-01,                  NaN
    2.9101562500E-01,   -5.9894570443E-01,   -7.4368765134E-02,    7.8542744471E-01,                  NaN
    2.9296875000E-01,   -5.9847602395E-01,   -7.5317608486E-02,    7.8542744471E-01,                  NaN
    2.9492187500E-01,   -5.9790673899E-01,   -7.6260703502E-02,    7.8542744471E-01,                  NaN
    2.9687500000E-01,   -5.9724049830E-01,   -7.7197883438E-02,    7.8542744471E-01,                  NaN
    2.9882812500E-01,   -5.9648014499E-01,   -7.8129010048E-02,    7.8542744471E-01,                  NaN
    3.0078125000E-01,   -5.9562878384E-01,   -7.9053983594E-02,    7.8542744471E-01,                  NaN
    3.0273437500E-01,   -5.9468984426E-01,   -7.9972753032E-02,    7.8542744471E-01,                  NaN
    3.0468750000E-01,   -5.9366713023E-01,   -8.0885325197E-02,    7.8542744471E-01,                  NaN
    3.0664062500E-01,   -5.9256485012E-01,   -8.1791771909E-02,    7.8542744471E-01,                  NaN
    3.0859375000E-01,   -5.9138762148E-01,   -8.2692234102E-02,    7.8542744471E-01,                  NaN
    3.1054687500E-01,   -5.9014044899E-01,   -8.3586922462E-02,    7.8542744471E-01,                  NaN
    3.1250000000E-01,   -5.8882867698E-01,   -8.4476114408E-02,    7.8542744471E-01,                  NaN
    3.1445312500E-01,   -5.8745792061E-01,   -8.5360147714E-02,    7.8542744471E-01,                  NaN
    3.1640625000E-01,   -5.8603398275E-01,   -8.6239411484E-02,    7.8542744471E-01,                  NaN
    3.1835937500E-01,   -5.8456276520E-01,   -8.7114335549E-02,    7.8542744471E-01,                  NaN
    3.2031250000E-01,   -5.8305018450E-01,   -8.7985379672E-02,    7.8542744471E-01,                  NaN
    3.2226562500E-01,   -5.8150210257E-01,   -8.8853024114E-02,    7.8542744471E-01,                  NaN
    3.2421875000E-01,   -5.7992428267E-01,   -8.9717763235E-02,    7.8542744471E-01,                  NaN
    3.2617187500E-01,   -5.7832237922E-01,   -9.0580103690E-02,    7.8542744471E-01,                  NaN
    3.2812500000E-01,   -5.7670196837E-01,   -9.1440568587E-02,    7.8542744471E-01,                  NaN
    3.3007812500E-01,   -5.7506862260E-01,   -9.2299708553E-02,    7.8542744471E-01,                  NaN
    3.3203125000E-01,   -5.7342802874E-01,   -9.3158120085E-02,    7.8542744471E-01,                  NaN
    3.3398437500E-01,   -5.7178614388E-01,   -9.4016470805E-02,    7.8542744471E-01,                  NaN
    3.3593750000E-01,   -5.7014937854E-01,   -9.4875530430E-02,    7.8542744471E-01,                  NaN
    3.3789062500E-01,   -5.6852479147E-01,   -9.5736205342E-02,    7.8542744471E-01,                  NaN
    3.3984375000E-01,   -5.6692027622E-01,   -9.6599573875E-02,    7.8542744471E-01,                  NaN
    3.4179687500E-01,   -5.6534471740E-01,   -9.7466918758E-02,    7.8542744471E-01,                  NaN
    3.4375000000E-01,   -5.6380809341E-01,   -9.8339752847E-02,    7.8542744471E-01,                  NaN
    3.4570312500E-01,   -5.6232150498E-01,   -9.9219834285E-02,    7.8542744471E-01,                  NaN
    3.4765625000E-01,   -5.6089711326E-01,   -1.0010916771E-01,    7.8542744471E-01,                  NaN
    3.4960937500E-01,   -5.5954797806E-01,   -1.0100998903E-01,    7.8542744471E-01,                  NaN
    3.5156250000E-01,   -5.5828779589E-01,   -1.0192473255E-01,    7.8542744471E-01,                  NaN
    3.5351562500E-01,   -5.5713054702E-01,   -1.0285598081E-01,    7.8542744471E-01,                  NaN
    3.5546875000E-01,   -5.5609007027E-01,   -1.0380639908E-01,    7.8542744471E-01,                  NaN
    3.5742187500E-01,   -5.5517959254E-01,   -1.0477865814E-01,    7.8542744471E-01,                  NaN
    3.5937500000E-01,   -5.5441124613E-01,   -1.0577535013E-01,    7.8542744471E-01,                  NaN
    3.6132812500E-01,   -5.5379560950E-01,   -1.0679890328E-01,    7.8542744471E-01,                  NaN
    3.6328125000E-01,   -5.5334130691E-01,   -1.0785150171E-01,    7.8542744471E-01,                  NaN
    3.6523437500E-01,   -5.5305469807E-01,   -1.0893501618E-01,    7.8542744471E-01,                  NaN
    3.6718750000E-01,   -5.5293968211E-01,   -1.1005095093E-01,    7.8542744471E-01,                  NaN
    3.6914062500E-01,   -5.5299763062E-01,   -1.1120041053E-01,    7.8542744471E-01,                  NaN
    3.7109375000E-01,   -5.5322745415E-01,   -1.1238408909E-01,    7.8542744471E-01,                  NaN
    3.7304687500E-01,   -5.5362579559E-01,   -1.1360228210E-01,    7.8542744471E-01,                  NaN
    3.7500000000E-01,   -5.5418733416E-01,   -1.1485491978E-01,    7.8542744471E-01,                  NaN
    3.7695312500E-01,   -5.5490517553E-01,   -1.1614161877E-01,    7.8542744471E-01,                  NaN
    3.7890625000E-01,   -5.5577129840E-01,   -1.1746174807E-01,    7.8542744471E-01,                  NaN
    3.8085937500E-01,   -5.5677702505E-01,   -1.1881450399E-01,    7.8542744471E-01,                  NaN
    3.8281250000E-01,   -5.5791348403E-01,   -1.2019898862E-01,    7.8542744471E-01,                  NaN
    3.8476562500E-01,   -5.5917203615E-01,   -1.2161428655E-01,    7.8542744471E-01,                  NaN
    3.8671875000E-01,   -5.6054464025E-01,   -1.2305953495E-01,    7.8542744471E-01,                  NaN
    3.8867187500E-01,   -5.6202414210E-01,   -1.2453398317E-01,    7.8542744471E-01,                  NaN
    3.9062500000E-01,   -5.6360447712E-01,   -1.2603703929E-01,    7.8542744471E-01,                  NaN
    3.9257812500E-01,   -5.6528078508E-01,   -1.2756830202E-01,    7.8542744471E-01,                  NaN
    3.9453125000E-01,   -5.6704944146E-01,   -1.2912757786E-01,    7.8542744471E-01,                  NaN
    3.9648437500E-01,   -5.6890801557E-01,   -1.3071488437E-01,    7.8542744471E-01,                  NaN
    3.9843750000E-01,   -5.7085516895E-01,   -1.3233044136E-01,    7.8542744471E-01,                  NaN
    4.0039062500E-01,   -5.7289051011E-01,   -1.3397465220E-01,    7.8542744471E-01,                  NaN
    4.0234375000E-01,   -5.7501442137E-01,   -1.3564807808E-01,    7.8542744471E-01,                  NaN
    4.0429687500E-01,   -5.7722787328E-01,   -1.3735140776E-01,    7.8542744471E-01,                  NaN
    4.0625000000E-01,   -5.7953223977E-01,   -1.3908542547E-01,    7.8542744471E-01,                  NaN
    4.0820312500E-01,   -5.8192912469E-01,   -1.4085097894E-01,    7.8542744471E-01,                  NaN
    4.1015625000E-01,   -5.8442020777E-01,   -1.4264894963E-01,    7.8542744471E-01,                  NaN
    4.1210937500E-01,   -5.8700711506E-01,   -1.4448022620E-01,    7.8542744471E-01,                  NaN
    4.1406250000E-01,   -5.8969131648E-01,   -1.4634568222E-01,    7.8542744471E-01,                  NaN
    4.1601562500E-01,   -5.9247405103E-01,   -1.4824615855E-01,    7.8542744471E-01,                  NaN
    4.1796875000E-01,   -5.9535627829E-01,   -1.5018245042E-01,    7.8542744471E-01,                  NaN
    4.1992187500E-01,   -5.9833865370E-01,   -1.5215529901E-01,    7.8542744471E-01,                  NaN
    4.2187500000E-01,   -6.0142152375E-01,   -1.5416538705E-01,    7.8542744471E-01,                  NaN
    4.2382812500E-01,   -6.0460493701E-01,   -1.5621333766E-01,    7.8542744471E-01,                  NaN
    4.2578125000E-01,   -6.0788866586E-01,   -1.5829971580E-01,    7.8542744471E-01,                  NaN
    4.2773437500E-01,   -6.1127223435E-01,   -1.6042503115E-01,    7.8542744471E-01,                  NaN
    4.2968750000E-01,   -6.1475494715E-01,   -1.6258974168E-01,    7.8542744471E-01,                  NaN
    4.3164062500E-01,   -6.1833591575E-01,   -1.6479425692E-01,    7.8542744471E-01,                  NaN
    4.3359375000E-01,   -6.2201407829E-01,   -1.6703894026E-01,    7.8542744471E-01,                  NaN
    4.3554687500E-01,   -6.2578821119E-01,   -1.6932410959E-01,    7.8542744471E-01,                  NaN
    4.3750000000E-01,   -6.2965693147E-01,   -1.7165003623E-01,    7.8542744471E-01,                  NaN
    4.3945312500E-01,   -6.3361869073E-01,   -1.7401694195E-01,    7.8542744471E-01,                  NaN
    4.4140625000E-01,   -6.3767176247E-01,   -1.7642499454E-01,    7.8542744471E-01,                  NaN
    4.4335937500E-01,   -6.4181422579E-01,   -1.7887430237E-01,    7.8542744471E-01,                  NaN
    4.4531250000E-01,   -6.4604394890E-01,   -1.8136490882E-01,    7.8542744471E-01,                  NaN
    4.4726562500E-01,   -6.5035857594E-01,   -1.8389678718E-01,    7.8542744471E-01,                  NaN
    4.4921875000E-01,   -6.5475551996E-01,   -1.8646983673E-01,    7.8542744471E-01,                  NaN
    4.5117187500E-01,   -6.5923196382E-01,   -1.8908388058E-01,    7.8542744471E-01,                  NaN
    4.5312500000E-01,   -6.6378486941E-01,   -1.9173866527E-01,    7.8542744471E-01,                  NaN
    4.5507812500E-01,   -6.6841099389E-01,   -1.9443386207E-01,    7.8542744471E-01,                  NaN
    4.5703125000E-01,   -6.7310691041E-01,   -1.9716906935E-01,    7.8542744471E-01,                  NaN
    4.5898437500E-01,   -6.7786902944E-01,   -1.9994381535E-01,    7.8542744471E-01,                  NaN
    4.6093750000E-01,   -6.8269361662E-01,   -2.0275756017E-01,    7.8542744471E-01,                  NaN
    4.6289062500E-01,   -6.8757680309E-01,   -2.0560969632E-01,    7.8542744471E-01,                  NaN
    4.6484375000E-01,   -6.9251458525E-01,   -2.0849954670E-01,    7.8542744471E-01,                  NaN
    4.6679687500E-01,   -6.9750281220E-01,   -2.1142635984E-01,    7.8542744471E-01,                  NaN
    4.6875000000E-01,   -7.0253716130E-01,   -2.1438930215E-01,    7.8542744471E-01,                  NaN
    4.7070312500E-01,   -7.0761310384E-01,   -2.1738744768E-01,    7.8542744471E-01,                  NaN
    4.7265625000E-01,   -7.1272586497E-01,   -2.2041976631E-01,    7.8542744471E-01,                  NaN
    4.7460937500E-01,   -7.1787038311E-01,   -2.2348511159E-01,    7.8542744471E-01,                  NaN
    4.7656250000E-01,   -7.2304127477E-01,   -2.2658220974E-01,    7.8542744471E-01,                  NaN
    4.7851562500E-01,   -7.2823281042E-01,   -2.2970965116E-01,    7.8542744471E-01,                  NaN
    4.8046875000E-01,   -7.3343890625E-01,   -2.3286588595E-01,    7.8542744471E-01,                  NaN
    4.8242187500E-01,   -7.3865313478E-01,   -2.3604922415E-01,    7.8542744471E-01,                  NaN
    4.8437500000E-01,   -7.4386875510E-01,   -2.3925784122E-01,    7.8542744471E-01,                  NaN
    4.8632812500E-01,   -7.4907876125E-01,   -2.4248978837E-01,    7.8542744471E-01,                  NaN
    4.8828125000E-01,   -7.5427594481E-01,   -2.4574300712E-01,    7.8542744471E-01,                  NaN
    4.9023437500E-01,   -7.5945296586E-01,   -2.4901534639E-01,    7.8542744471E-01,                  NaN
    4.9218750000E-01,   -7.6460242516E-01,   -2.5230458058E-01,    7.8542744471E-01,                  NaN
    4.9414062500E-01,   -7.6971692984E-01,   -2.5560842651E-01,    7.8542744471E-01,                  NaN
    4.9609375000E-01,   -7.7478914531E-01,   -2.5892455714E-01,    7.8542744471E-01,                  NaN
    4.9804687500E-01,   -7.7981182715E-01,   -2.6225061048E-01,    7.8542744471E-01,                  NaN
    5.0000000000E-01,   -7.8477782868E-01,   -2.6558419221E-01,    7.8542744471E-01,                  NaN
    5.0195312500E-01,   -7.8968008238E-01,   -2.6892287136E-01,    7.8542744471E-01,                  NaN
    5.0390625000E-01,   -7.9451155591E-01,   -2.7226416918E-01,    7.8542744471E-01,                  NaN
    5.0585937500E-01,   -7.9926518656E-01,   -2.7560554178E-01,    7.8542744471E-01,                  NaN
    5.0781250000E-01,   -8.0393380023E-01,   -2.7894435838E-01,    7.8542744471E-01,                  NaN
    5.0976562500E-01,   -8.0851002343E-01,   -2.8227787718E-01,    7.8542744471E-01,                  NaN
    5.1171875000E-01,   -8.1298619840E-01,   -2.8560322171E-01,    7.8542744471E-01,                  NaN
    5.1367187500E-01,   -8.1735431199E-01,   -2.8891736079E-01,    7.8542744471E-01,                  NaN
    5.1562500000E-01,   -8.2160594922E-01,   -2.9221709512E-01,    7.8542744471E-01,                  NaN
    5.1757812500E-01,   -8.2573228114E-01,   -2.9549905371E-01,    7.8542744471E-01,                  NaN
    5.1953125000E-01,   -8.2972409515E-01,   -2.9875970260E-01,    7.8542744471E-01,                  NaN
    5.2148437500E-01,   -8.3357187300E-01,   -3.0199536777E-01,    7.8542744471E-01,                  NaN
    5.2343750000E-01,   -8.3726591871E-01,   -3.0520227352E-01,    7.8542744471E-01,                  NaN
    5.2539062500E-01,   -8.4079653489E-01,   -3.0837659592E-01,    7.8542744471E-01,                  NaN
    5.2734375000E-01,   -8.4415424201E-01,   -3.1151453053E-01,    7.8542744471E-01,                  NaN
    5.2929687500E-01,   -8.4733003159E-01,   -3.1461237185E-01,    7.8542744471E-01,                  NaN
    5.3125000000E-01,   -8.5031564068E-01,   -3.1766660105E-01,    7.8542744471E-01,                  NaN
    5.3320312500E-01,   -8.5310383253E-01,   -3.2067397767E-01,    7.8542744471E-01,                  NaN
    5.3515625000E-01,   -8.5568866643E-01,   -3.2363163012E-01,    7.8542744471E-01,                  NaN
    5.3710937500E-01,   -8.5806573900E-01,   -3.2653713954E-01,    7.8542744471E-01,                  NaN
    5.3906250000E-01,   -8.6023238031E-01,   -3.2938861142E-01,    7.8542744471E-01,                  NaN
    5.4101562500E-01,   -8.6218778937E-01,   -3.3218473004E-01,    7.8542744471E-01,                  NaN
    5.4296875000E-01,   -8.6393309751E-01,   -3.3492479124E-01,    7.8542744471E-01,                  NaN
    5.4492187500E-01,   -8.6547135179E-01,   -3.3760871059E-01,    7.8542744471E-01,                  NaN
    5.4687500000E-01,   -8.6680741561E-01,   -3.4023700508E-01,    7.8542744471E-01,                  NaN
    5.4882812500E-01,   -8.6794778927E-01,   -3.4281074838E-01,    7.8542744471E-01,                  NaN
    5.5078125000E-01,   -8.6890035803E-01,   -3.4533150128E-01,    7.8542744471E-01,                  NaN
    5.5273437500E-01,   -8.6967408048E-01,   -3.4780122068E-01,    7.8542744471E-01,                  NaN
    5.5468750000E-01,   -8.7027863368E-01,   -3.5022215168E-01,    7.8542744471E-01,                  NaN
    5.5664062500E-01,   -8.7072403459E-01,   -3.5259670878E-01,    7.8542744471E-01,                  NaN
    5.5859375000E-01,   -8.7102025843E-01,   -3.5492735271E-01,    7.8542744471E-01,                  NaN
    5.6054687500E-01,   -8.7117687493E-01,   -3.5721646961E-01,    7.8542744471E-01,                  NaN
    5.6250000000E-01,   -8.7120272154E-01,   -3.5946625923E-01,    7.8542744471E-01,                  NaN
    5.6445312500E-01,   -8.7110562988E-01,   -3.6167863785E-01,    7.8542744471E-01,                  NaN
    5.6640625000E-01,   -8.7089221805E-01,   -3.6385516092E-01,    7.8542744471E-01,                  NaN
    5.6835937500E-01,   -8.7056775631E-01,   -3.6599696851E-01,    7.8542744471E-01,                  NaN
    5.7031250000E-01,   -8.7013610912E-01,   -3.6810475551E-01,    7.8542744471E-01,                  NaN
    5.7226562500E-01,   -8.6959975131E-01,   -3.7017876666E-01,    7.8542744471E-01,                  NaN
    5.7421875000E-01,   -8.6895985182E-01,   -3.7221881501E-01,    7.8542744471E-01,                  NaN
    5.7617187500E-01,   -8.6821641484E-01,   -3.7422432098E-01,    7.8542744471E-01,                  NaN
    5.7812500000E-01,   -8.6736846521E-01,   -3.7619436822E-01,    7.8542744471E-01,                  NaN
    5.8007812500E-01,   -8.6641426377E-01,   -3.7812777162E-01,    7.8542744471E-01,                  NaN
    5.8203125000E-01,   -8.6535153748E-01,   -3.8002315254E-01,    7.8542744471E-01,                  NaN
    5.8398437500E-01,   -8.6417771020E-01,   -3.8187901652E-01,    7.8542744471E-01,                  NaN
    5.8593750000E-01,   -8.6289012146E-01,   -3.8369382867E-01,    7.8542744471E-01,                  NaN
    5.8789062500E-01,   -8.6148622286E-01,   -3.8546608326E-01,    7.8542744471E-01,                  NaN
    5.8984375000E-01,   -8.5996374463E-01,   -3.8719436433E-01,    7.8542744471E-01,                  NaN
    5.9179687500E-01,   -8.5832082794E-01,   -3.8887739536E-01,    7.8542744471E-01,                  NaN
    5.9375000000E-01,   -8.5655612124E-01,   -3.9051407723E-01,    7.8542744471E-01,                  NaN
    5.9570312500E-01,   -8.5466884197E-01,   -3.9210351425E-01,    7.8542744471E-01,                  NaN
    5.9765625000E-01,   -8.5265880660E-01,   -3.9364502925E-01,    7.8542744471E-01,                  NaN
    5.9960937500E-01,   -8.5052643409E-01,   -3.9513816907E-01,    7.8542744471E-01,                  NaN
    6.0156250000E-01,   -8.4827272836E-01,   -3.9658270235E-01,    7.8542744471E-01,                  NaN
    6.0351562500E-01,   -8.4589924578E-01,   -3.9797861160E-01,    7.8542744471E-01,                  NaN
    6.0546875000E-01,   -8.4340805354E-01,   -3.9932608161E-01,    7.8542744471E-01,                  NaN
    6.0742187500E-01,   -8.4080168373E-01,   -4.0062548593E-01,    7.8542744471E-01,                  NaN
    6.0937500000E-01,   -8.3808308717E-01,   -4.0187737288E-01,    7.8542744471E-01,                  NaN
    6.1132812500E-01,   -8.3525558975E-01,   -4.0308245216E-01,    7.8542744471E-01,                  NaN
    6.1328125000E-01,   -8.3232285281E-01,   -4.0424158264E-01,    7.8542744471E-01,                  NaN
    6.1523437500E-01,   -8.2928883825E-01,   -4.0535576166E-01,    7.8542744471E-01,                  NaN
    6.1718750000E-01,   -8.2615777806E-01,   -4.0642611570E-01,    7.8542744471E-01,                  NaN
    6.1914062500E-01,   -8.2293414787E-01,   -4.0745389231E-01,    7.8542744471E-01,                  NaN
    6.2109375000E-01,   -8.1962264355E-01,   -4.0844045296E-01,    7.8542744471E-01,                  NaN
    6.2304687500E-01,   -8.1622816042E-01,   -4.0938726661E-01,    7.8542744471E-01,                  NaN
    6.2500000000E-01,   -8.1275577480E-01,   -4.1029590405E-01,    7.8542744471E-01,                  NaN
    6.2695312500E-01,   -8.0921072801E-01,   -4.1116803287E-01,    7.8542744471E-01,                  NaN
    6.2890625000E-01,   -8.0559841350E-01,   -4.1200541360E-01,    7.8542744471E-01,                  NaN
    6.3085937500E-01,   -8.0192436794E-01,   -4.1280989731E-01,    7.8542744471E-01,                  NaN
    6.3281250000E-01,   -7.9819426712E-01,   -4.1358342514E-01,    7.8542744471E-01,                  NaN
    6.3476562500E-01,   -7.9441392745E-01,   -4.1432803016E-01,    7.8542744471E-01,                  NaN
    6.3671875000E-01,   -7.9058931335E-01,   -4.1504584182E-01,    7.8542744471E-01,                  NaN
    6.3867187500E-01,   -7.8672654989E-01,   -4.1573909285E-01,    7.8542744471E-01,                  NaN
    6.4062500000E-01,   -7.8283193964E-01,   -4.1641012819E-01,    7.8542744471E-01,                  NaN
    6.4257812500E-01,   -7.7891198158E-01,   -4.1706141526E-01,    7.8542744471E-01,                  NaN
    6.4453125000E-01,   -7.7497338939E-01,   -4.1769555427E-01,    7.8542744471E-01,                  NaN
    6.4648437500E-01,   -7.7102310580E-01,   -4.1831528733E-01,    7.8542744471E-01,                  NaN
    6.4843750000E-01,   -7.6706831001E-01,   -4.1892350482E-01,    7.8542744471E-01,                  NaN
    6.5039062500E-01,   -7.6311641508E-01,   -4.1952324770E-01,    7.8542744471E-01,                  NaN
    6.5234375000E-01,   -7.5917505324E-01,   -4.2011770449E-01,    7.8542744471E-01,                  NaN
    6.5429687500E-01,   -7.5525204800E-01,   -4.2071020250E-01,    7.8542744471E-01,                  NaN
    6.5625000000E-01,   -7.5135537359E-01,   -4.2130419298E-01,    7.8542744471E-01,                  NaN
    6.5820312500E-01,   -7.4749310325E-01,   -4.2190323087E-01,    7.8542744471E-01,                  NaN
    6.6015625000E-01,   -7.4367334984E-01,   -4.2251095051E-01,    7.8542744471E-01,                  NaN
    6.6210937500E-01,   -7.3990420296E-01,   -4.2313103886E-01,    7.8542744471E-01,                  NaN
    6.6406250000E-01,   -7.3619366758E-01,   -4.2376720870E-01,    7.8542744471E-01,                  NaN
    6.6601562500E-01,   -7.3254960948E-01,   -4.2442317406E-01,    7.8542744471E-01,                  NaN
    6.6796875000E-01,   -7.2897971227E-01,   -4.2510263025E-01,    7.8542744471E-01,                  NaN
    6.6992187500E-01,   -7.2549144961E-01,   -4.2580924036E-01,    7.8542744471E-01,                  NaN
    6.7187500000E-01,   -7.2209207508E-01,   -4.2654662966E-01,    7.8542744471E-01,                  NaN
    6.7382812500E-01,   -7.1878862977E-01,   -4.2731838805E-01,    7.8542744471E-01,                  NaN
    6.7578125000E-01,   -7.1558796602E-01,   -4.2812808042E-01,    7.8542744471E-01,                  NaN
    6.7773437500E-01,   -7.1249678336E-01,   -4.2897926300E-01,    7.8542744471E-01,                  NaN
    6.7968750000E-01,   -7.0952167118E-01,   -4.2987550350E-01,    7.8542744471E-01,                  NaN
    6.8164062500E-01,   -7.0666915098E-01,   -4.3082040170E-01,    7.8542744471E-01,                  NaN
    6.8359375000E-01,   -7.0394571084E-01,   -4.3181760682E-01,    7.8542744471E-01,                  NaN
    6.8554687500E-01,   -7.0135782427E-01,   -4.3287082795E-01,    7.8542744471E-01,                  NaN
    6.8750000000E-01,   -6.9891194671E-01,   -4.3398383371E-01,    7.8542744471E-01,                  NaN
    6.8945312500E-01,   -6.9661448427E-01,   -4.3516043848E-01,    7.8542744471E-01,                  NaN
    6.9140625000E-01,   -6.9447173131E-01,   -4.3640447274E-01,    7.8542744471E-01,                  NaN
    6.9335937500E-01,   -6.9248977630E-01,   -4.3771973696E-01,    7.8542744471E-01,                  NaN
    6.9531250000E-01,   -6.9067437759E-01,   -4.3910993925E-01,    7.8542744471E-01,                  NaN
    6.9726562500E-01,   -6.8903081403E-01,   -4.4057861869E-01,    7.8542744471E-01,                  NaN
    6.9921875000E-01,   -6.8756371743E-01,   -4.4212905759E-01,    7.8542744471E-01,                  NaN
    7.0117187500E-01,   -6.8627689616E-01,   -4.4376418693E-01,    7.8542744471E-01,                  NaN
    7.0312500000E-01,   -6.8517316067E-01,   -4.4548649034E-01,    7.8542744471E-01,                  NaN
    7.0507812500E-01,   -6.8425416220E-01,   -4.4729791239E-01,    7.8542744471E-01,                  NaN
    7.0703125000E-01,   -6.8352025622E-01,   -4.4919977718E-01,    7.8542744471E-01,                  NaN
    7.0898437500E-01,   -6.8297040105E-01,   -4.5119272306E-01,    7.8542744471E-01,                  NaN
    7.1093750000E-01,   -6.8260210053E-01,   -4.5327665839E-01,    7.8542744471E-01,                  NaN
    7.1289062500E-01,   -6.8241139738E-01,   -4.5545074253E-01,    7.8542744471E-01,                  NaN
    7.1484375000E-01,   -6.8239292111E-01,   -4.5771339474E-01,    7.8542744471E-01,                  NaN
    7.1679687500E-01,   -6.8253999124E-01,   -4.6006233208E-01,    7.8542744471E-01,                  NaN
    7.1875000000E-01,   -6.8284477331E-01,   -4.6249463590E-01,    7.8542744471E-01,                  NaN
    7.2070312500E-01,   -6.8329848229E-01,   -4.6500684468E-01,    7.8542744471E-01,                  NaN
    7.2265625000E-01,   -6.8389162478E-01,   -4.6759506953E-01,    7.8542744471E-01,                  NaN
    7.2460937500E-01,   -6.8461426937E-01,   -4.7025512711E-01,    7.8542744471E-01,                  NaN
    7.2656250000E-01,   -6.8545633276E-01,   -4.7298268395E-01,    7.8542744471E-01,                  NaN
    7.2851562500E-01,   -6.8640786809E-01,   -4.7577340519E-01,    7.8542744471E-01,                  NaN
    7.3046875000E-01,   -6.8745934202E-01,   -4.7862310049E-01,    7.8542744471E-01,                  NaN
    7.3242187500E-01,   -6.8860188746E-01,   -4.8152786031E-01,    7.8542744471E-01,                  NaN
    7.3437500000E-01,   -6.8982752056E-01,   -4.8448417591E-01,    7.8542744471E-01,                  NaN
    7.3632812500E-01,   -6.9112931240E-01,   -4.8748903759E-01,    7.8542744471E-01,                  NaN
    7.3828125000E-01,   -6.9250150860E-01,   -4.9054000713E-01,    7.8542744471E-01,                  NaN
    7.4023437500E-01,   -6.9393959289E-01,   -4.9363526133E-01,    7.8542744471E-01,                  NaN
    7.4218750000E-01,   -6.9544029386E-01,   -4.9677360592E-01,    7.8542744471E-01,                  NaN
    7.4414062500E-01,   -6.9700153717E-01,   -4.9995446008E-01,    7.8542744471E-01,                  NaN
    7.4609375000E-01,   -6.9862234810E-01,   -5.0317781364E-01,    7.8542744471E-01,                  NaN
    7.4804687500E-01,   -7.0030271201E-01,   -5.0644416054E-01,    7.8542744471E-01,                  NaN
    7.5000000000E-01,   -7.0204340162E-01,   -5.0975441275E-01,    7.8542744471E-01,                  NaN
    7.5195312500E-01,   -7.0384578151E-01,   -5.1310980006E-01,    7.8542744471E-01,                  NaN
    7.5390625000E-01,   -7.0571160051E-01,   -5.1651176118E-01,    7.8542744471E-01,                  NaN
    7.5585937500E-01,   -7.0764278236E-01,   -5.1996183185E-01,    7.8542744471E-01,                  NaN
    7.5781250000E-01,   -7.0964122427E-01,   -5.2346153506E-01,    7.8542744471E-01,                  NaN
    7.5976562500E-01,   -7.1170861175E-01,   -5.2701227829E-01,    7.8542744471E-01,                  NaN
    7.6171875000E-01,   -7.1384625601E-01,   -5.3061526130E-01,    7.8542744471E-01,                  NaN
    7.6367187500E-01,   -7.1605495888E-01,   -5.3427139758E-01,    7.8542744471E-01,                  NaN
    7.6562500000E-01,   -7.1833490776E-01,   -5.3798125116E-01,    7.8542744471E-01,                  NaN
    7.6757812500E-01,   -7.2068560157E-01,   -5.4174498958E-01,    7.8542744471E-01,                  NaN
    7.6953125000E-01,   -7.2310580683E-01,   -5.4556235312E-01,    7.8542744471E-01,                  NaN
    7.7148437500E-01,   -7.2559354180E-01,   -5.4943263920E-01,    7.8542744471E-01,                  NaN
    7.7343750000E-01,   -7.2814608544E-01,   -5.5335470067E-01,    7.8542744471E-01,                  NaN
    7.7539062500E-01,   -7.3076000738E-01,   -5.5732695601E-01,    7.8542744471E-01,                  NaN
    7.7734375000E-01,   -7.3343121462E-01,   -5.6134740933E-01,    7.8542744471E-01,                  NaN
    7.7929687500E-01,   -7.3615501074E-01,   -5.6541367790E-01,    7.8542744471E-01,                  NaN
    7.8125000000E-01,   -7.3892616346E-01,   -5.6952302501E-01,    7.8542744471E-01,                  NaN
    7.8320312500E-01,   -7.4173897664E-01,   -5.7367239613E-01,    7.8542744471E-01,                  NaN
    7.8515625000E-01,   -7.4458736325E-01,   -5.7785845633E-01,    7.8542744471E-01,                  NaN
    7.8710937500E-01,   -7.4746491641E-01,   -5.8207762735E-01,    7.8542744471E-01,                  NaN
    7.8906250000E-01,   -7.5036497594E-01,   -5.8632612289E-01,    7.8542744471E-01,                  NaN
    7.9101562500E-01,   -7.5328068825E-01,   -5.9059998086E-01,    7.8542744471E-01,                  NaN
    7.9296875000E-01,   -7.5620505831E-01,   -5.9489509174E-01,    7.8542744471E-01,                  NaN
    7.9492187500E-01,   -7.5913099251E-01,   -5.9920722231E-01,    7.8542744471E-01,                  NaN
    7.9687500000E-01,   -7.6205133188E-01,   -6.0353203446E-01,    7.8542744471E-01,                  NaN
    7.9882812500E-01,   -7.6495887587E-01,   -6.0786509904E-01,    7.8542744471E-01,                  NaN
    8.0078125000E-01,   -7.6784639727E-01,   -6.1220190495E-01,    7.8542744471E-01,                  NaN
    8.0273437500E-01,   -7.7070664931E-01,   -6.1653786418E-01,    7.8542744471E-01,                  NaN
    8.0468750000E-01,   -7.7353236675E-01,   -6.2086831351E-01,    7.8542744471E-01,                  NaN
    8.0664062500E-01,   -7.7631626293E-01,   -6.2518851432E-01,    7.8542744471E-01,                  NaN
    8.0859375000E-01,   -7.7905102523E-01,   -6.2949365146E-01,    7.8542744471E-01,                  NaN
    8.1054687500E-01,   -7.8172931119E-01,   -6.3377883293E-01,    7.8542744471E-01,                  NaN
    8.1250000000E-01,   -7.8434374795E-01,   -6.3803909155E-01,    7.8542744471E-01,                  NaN
    8.1445312500E-01,   -7.8688693681E-01,   -6.4226938985E-01,    7.8542744471E-01,                  NaN
    8.1640625000E-01,   -7.8935146460E-01,   -6.4646462924E-01,    7.8542744471E-01,                  NaN
    8.1835937500E-01,   -7.9172992273E-01,   -6.5061966378E-01,    7.8542744471E-01,                  NaN
    8.2031250000E-01,   -7.9401493404E-01,   -6.5472931893E-01,    7.8542744471E-01,                  NaN
    8.2226562500E-01,   -7.9619918669E-01,   -6.5878841471E-01,    7.8542744471E-01,                  NaN
    8.2421875000E-01,   -7.9827547377E-01,   -6.6279179245E-01,    7.8542744471E-01,                  NaN
    8.2617187500E-01,   -8.0023673632E-01,   -6.6673434404E-01,    7.8542744471E-01,                  NaN
    8.2812500000E-01,   -8.0207610747E-01,   -6.7061104217E-01,    7.8542744471E-01,                  NaN
    8.3007812500E-01,   -8.0378695482E-01,   -6.7441696980E-01,    7.8542744471E-01,                  NaN
    8.3203125000E-01,   -8.0536291847E-01,   -6.7814734764E-01,    7.8542744471E-01,                  NaN
    8.3398437500E-01,   -8.0679794262E-01,   -6.8179755799E-01,    7.8542744471E-01,                  NaN
    8.3593750000E-01,   -8.0808629901E-01,   -6.8536316419E-01,    7.8542744471E-01,                  NaN
    8.3789062500E-01,   -8.0922260164E-01,   -6.8883992511E-01,    7.8542744471E-01,                  NaN
    8.3984375000E-01,   -8.1020181294E-01,   -6.9222380468E-01,    7.8542744471E-01,                  NaN
    8.4179687500E-01,   -8.1101924271E-01,   -6.9551097726E-01,    7.8542744471E-01,                  NaN
    8.4375000000E-01,   -8.1167054195E-01,   -6.9869782983E-01,    7.8542744471E-01,                  NaN
    8.4570312500E-01,   -8.1215169456E-01,   -7.0178096262E-01,    7.8542744471E-01,                  NaN
    8.4765625000E-01,   -8.1245901023E-01,   -7.0475719004E-01,    7.8542744471E-01,                  NaN
    8.4960937500E-01,   -8.1258912214E-01,   -7.0762354388E-01,    7.8542744471E-01,                  NaN
    8.5156250000E-01,   -8.1253899282E-01,   -7.1037728051E-01,    7.8542744471E-01,                  NaN
    8.5351562500E-01,   -8.1230593093E-01,   -7.1301589373E-01,    7.8542744471E-01,                  NaN
    8.5546875000E-01,   -8.1188762104E-01,   -7.1553713442E-01,    7.8542744471E-01,                  NaN
    8.5742187500E-01,   -8.1128216715E-01,   -7.1793903725E-01,    7.8542744471E-01,                  NaN
    8.5937500000E-01,   -8.1048814942E-01,   -7.2021995451E-01,    7.8542744471E-01,                  NaN
    8.6132812500E-01,   -8.0950469231E-01,   -7.2237859583E-01,    7.8542744471E-01,                  NaN
    8.6328125000E-01,   -8.0833154067E-01,   -7.2441407214E-01,    7.8542744471E-01,                  NaN
    8.6523437500E-01,   -8.0696913947E-01,   -7.2632594145E-01,    7.8542744471E-01,                  NaN
    8.6718750000E-01,   -8.0541871148E-01,   -7.2811425346E-01,    7.8542744471E-01,                  NaN
    8.6914062500E-01,   -8.0368232693E-01,   -7.2977958971E-01,    7.8542744471E-01,                  NaN
    8.7109375000E-01,   -8.0176295878E-01,   -7.3132309576E-01,    7.8542744471E-01,                  NaN
    8.7304687500E-01,   -7.9966451764E-01,   -7.3274650216E-01,    7.8542744471E-01,                  NaN
    8.7500000000E-01,   -7.9739186093E-01,   -7.3405213110E-01,    7.8542744471E-01,                  NaN
    8.7695312500E-01,   -7.9495077229E-01,   -7.3524288646E-01,    7.8542744471E-01,                  NaN
    8.7890625000E-01,   -7.9234790870E-01,   -7.3632222564E-01,    7.8542744471E-01,                  NaN
    8.8085937500E-01,   -7.8959071443E-01,   -7.3729411262E-01,    7.8542744471E-01,                  NaN
    8.8281250000E-01,   -7.8668730338E-01,   -7.3816295282E-01,    7.8542744471E-01,                  NaN
    8.8476562500E-01,   -7.8364631291E-01,   -7.3893351128E-01,    7.8542744471E-01,                  NaN
    8.8671875000E-01,   -7.8047673441E-01,   -7.3961081693E-01,    7.8542744471E-01,                  NaN
    8.8867187500E-01,   -7.7718772740E-01,   -7.4020005660E-01,    7.8542744471E-01,                  NaN
    8.9062500000E-01,   -7.7378842512E-01,   -7.4070646302E-01,    7.8542744471E-01,                  NaN
    8.9257812500E-01,   -7.7028774045E-01,   -7.4113520179E-01,    7.8542744471E-01,                  NaN
    8.9453125000E-01,   -7.6669418106E-01,   -7.4149126245E-01,    7.8542744471E-01,                  NaN
    8.9648437500E-01,   -7.6301568239E-01,   -7.4177935837E-01,    7.8542744471E-01,                  NaN
    8.9843750000E-01,   -7.5925946621E-01,   -7.4200384033E-01,    7.8542744471E-01,                  NaN
    9.0039062500E-01,   -7.5543193113E-01,   -7.4216862734E-01,    7.8542744471E-01,                  NaN
    9.0234375000E-01,   -7.5153857952E-01,   -7.4227715787E-01,    7.8542744471E-01,                  NaN
    9.0429687500E-01,   -7.4758398378E-01,   -7.4233236315E-01,    7.8542744471E-01,                  NaN
    9.0625000000E-01,   -7.4357179232E-01,   -7.4233666335E-01,    7.8542744471E-01,                  NaN
    9.0820312500E-01,   -7.3950477385E-01,   -7.4229198615E-01,    7.8542744471E-01,                  NaN
    9.1015625000E-01,   -7.3538489672E-01,   -7.4219980608E-01,    7.8542744471E-01,                  NaN
    9.1210937500E-01,   -7.3121343827E-01,   -7.4206120207E-01,    7.8542744471E-01,                  NaN
    9.1406250000E-01,   -7.2699111789E-01,   -7.4187692987E-01,    7.8542744471E-01,                  NaN
    9.1601562500E-01,   -7.2271824688E-01,   -7.4164750551E-01,    7.8542744471E-01,                  NaN
    9.1796875000E-01,   -7.1839488734E-01,   -7.4137329530E-01,    7.8542744471E-01,                  NaN
    9.1992187500E-01,   -7.1402101273E-01,   -7.4105460842E-01,    7.8542744471E-01,                  NaN
    9.2187500000E-01,   -7.0959666279E-01,   -7.4069178749E-01,    7.8542744471E-01,                  NaN
    9.2382812500E-01,   -7.0512208654E-01,   -7.4028529356E-01,    7.8542744471E-01,                  NaN
    9.2578125000E-01,   -7.0059786774E-01,   -7.3983578198E-01,    7.8542744471E-01,                  NaN
    9.2773437500E-01,   -6.9602502863E-01,   -7.3934416644E-01,    7.8542744471E-01,                  NaN
    9.2968750000E-01,   -6.9140510908E-01,   -7.3881166913E-01,    7.8542744471E-01,                  NaN
    9.3164062500E-01,   -6.8674021941E-01,   -7.3823985576E-01,    7.8542744471E-01,                  NaN
    9.3359375000E-01,   -6.8203306692E-01,   -7.3763065489E-01,    7.8542744471E-01,                  NaN
    9.3554687500E-01,   -6.7728695683E-01,   -7.3698636178E-01,    7.8542744471E-01,                  NaN
    9.3750000000E-01,   -6.7250577009E-01,   -7.3630962783E-01,    7.8542744471E-01,                  NaN
    9.3945312500E-01,   -6.6769392108E-01,   -7.3560343688E-01,    7.8542744471E-01,                  NaN
    9.4140625000E-01,   -6.6285629901E-01,   -7.3487107087E-01,    7.8542744471E-01,                  NaN
    9.4335937500E-01,   -6.5799819758E-01,   -7.3411606703E-01,    7.8542744471E-01,                  NaN
    9.4531250000E-01,   -6.5312523728E-01,   -7.3334216963E-01,    7.8542744471E-01,                  NaN
    9.4726562500E-01,   -6.4824328522E-01,   -7.3255327913E-01,    7.8542744471E-01,                  NaN
    9.4921875000E-01,   -6.4335837644E-01,   -7.3175340155E-01,    7.8542744471E-01,                  NaN
    9.5117187500E-01,   -6.3847664082E-01,   -7.3094660077E-01,    7.8542744471E-01,                  NaN
    9.5312500000E-01,   -6.3360423831E-01,   -7.3013695589E-01,    7.8542744471E-01,                  NaN
    9.5507812500E-01,   -6.2874730472E-01,   -7.2932852534E-01,    7.8542744471E-01,                  NaN
    9.5703125000E-01,   -6.2391190919E-01,   -7.2852531886E-01,    7.8542744471E-01,                  NaN
    9.5898437500E-01,   -6.1910402324E-01,   -7.2773127746E-01,    7.8542744471E-01,                  NaN
    9.6093750000E-01,   -6.1432950076E-01,   -7.2695026115E-01,    7.8542744471E-01,                  NaN
    9.6289062500E-01,   -6.0959406690E-01,   -7.2618604320E-01,    7.8542744471E-01,                  NaN
    9.6484375000E-01,   -6.0490331374E-01,   -7.2544230943E-01,    7.8542744471E-01,                  NaN
    9.6679687500E-01,   -6.0026269985E-01,   -7.2472266046E-01,    7.8542744471E-01,                  NaN
    9.6875000000E-01,   -5.9567755096E-01,   -7.2403061478E-01,    7.8542744471E-01,                  NaN
    9.7070312500E-01,   -5.9115305920E-01,   -7.2336961073E-01,    7.8542744471E-01,                  NaN
    9.7265625000E-01,   -5.8669427869E-01,   -7.2274300538E-01,    7.8542744471E-01,                  NaN
    9.7460937500E-01,   -5.8230611621E-01,   -7.2215406945E-01,    7.8542744471E-01,                  NaN
    9.7656250000E-01,   -5.7799331626E-01,   -7.2160597728E-01,    7.8542744471E-01,                  NaN
    9.7851562500E-01,   -5.7376044087E-01,   -7.2110179235E-01,    7.8542744471E-01,                  NaN
    9.8046875000E-01,   -5.6961184531E-01,   -7.2064444903E-01,    7.8542744471E-01,                  NaN
    9.8242187500E-01,   -5.6555165146E-01,   -7.2023673200E-01,    7.8542744471E-01,                  NaN
    9.8437500000E-01,   -5.6158372096E-01,   -7.1988125532E-01,    7.8542744471E-01,                  NaN
    9.8632812500E-01,   -5.5771163062E-01,   -7.1958044305E-01,    7.8542744471E-01,                  NaN
    9.8828125000E-01,   -5.5393865198E-01,   -7.1933651355E-01,    7.8542744471E-01,                  NaN
    9.9023437500E-01,   -5.5026773676E-01,   -7.1915146883E-01,    7.8542744471E-01,                  NaN
    9.9218750000E-01,   -5.4670150913E-01,   -7.1902709014E-01,    7.8542744471E-01,                  NaN
    9.9414062500E-01,   -5.4324226476E-01,   -7.1896493995E-01,    7.8542744471E-01,                  NaN
    9.9609375000E-01,   -5.3989197584E-01,   -7.1896636959E-01,    7.8542744471E-01,                  NaN
    9.9804687500E-01,   -5.3665230038E-01,   -7.1903253138E-01,    7.8542744471E-01,                  NaN
    1.0000000000E+00,   -5.3352459341E-01,   -7.1916439277E-01,    7.8542744471E-01,                  NaN
                 NaN,   -5.9162220023E-01,   -3.0628042866E-01,    7.8542744471E-01,                  NaN
