                Time,             Y-Force,      Work integrand,                Mass,           Mass error
    0.0000000000E+00,    4.4408920985E-16,    0.0000000000E+00,    7.8542744471E-01,                  NaN
    3.9062500000E-03,   -2.2709424645E-04,   -6.4670797050E-09,    7.8542744471E-01,                  NaN
    7.8125000000E-03,   -8.5679032466E-04,   -1.1260112082E-07,    7.8542744471E-01,                  NaN
    1.1718750000E-02,   -1.8858279738E-03,   -5.4378156857E-07,    7.8542744471E-01,                  NaN
    1.5625000000E-02,   -3.3138516878E-03,   -1.6522417477E-06,    7.8542744471E-01,                  NaN
    1.9531250000E-02,   -5.1460084194E-03,   -3.9160606833E-06,    7.8542744471E-01,                  NaN
    2.3437500000E-02,   -7.3858767606E-03,   -7.9361821325E-06,    7.8542744471E-01,                  NaN
    2.7343750000E-02,   -1.0036643144E-02,   -1.4436113383E-05,    7.8542744471E-01,                  NaN
    3.1250000000E-02,   -1.3101762335E-02,   -2.4261849548E-05,    7.8542744471E-01,                  NaN
    3.5156250000E-02,   -1.6584405397E-02,   -3.8380448997E-05,    7.8542744471E-01,                  NaN
    3.9062500000E-02,   -2.0487437365E-02,   -5.7878675832E-05,    7.8542744471E-01,                  NaN
    4.2968750000E-02,   -2.4813841031E-02,   -8.3962804590E-05,    7.8542744471E-01,                  NaN
    4.6875000000E-02,   -2.9566411882E-02,   -1.1795709687E-04,    7.8542744471E-01,                  NaN
    5.0781250000E-02,   -3.4747325714E-02,   -1.6130065934E-04,    7.8542744471E-01,                  NaN
    5.4687500000E-02,   -4.0358240489E-02,   -2.1554495305E-04,    7.8542744471E-01,                  NaN
    5.8593750000E-02,   -4.6400567542E-02,   -2.8235224791E-04,    7.8542744471E-01,                  NaN
    6.2500000000E-02,   -5.2875488212E-02,   -3.6349341830E-04,    7.8542744471E-01,                  NaN
    6.6406250000E-02,   -5.9783799400E-02,   -4.6084445628E-04,    7.8542744471E-01,                  NaN
    7.0312500000E-02,   -6.7125799178E-02,   -5.7638229200E-04,    7.8542744471E-01,                  NaN
    7.4218750000E-02,   -7.4901201616E-02,   -7.1217989869E-04,    7.8542744471E-01,                  NaN
    7.8125000000E-02,   -8.3108987340E-02,   -8.7039989872E-04,    7.8542744471E-01,                  NaN
    8.2031250000E-02,   -9.1747249404E-02,   -1.0532869200E-03,    7.8542744471E-01,                  NaN
    8.5937500000E-02,   -1.0081317127E-01,   -1.2631603416E-03,    7.8542744471E-01,                  NaN
    8.9843750000E-02,   -1.1030312819E-01,   -1.5024082750E-03,    7.8542744471E-01,                  NaN
    9.3750000000E-02,   -1.2021277419E-01,   -1.7734815498E-03,    7.8542744471E-01,                  NaN
    9.7656250000E-02,   -1.3053707157E-01,   -2.0788864102E-03,    7.8542744471E-01,                  NaN
    1.0156250000E-01,   -1.4127036441E-01,   -2.4211767025E-03,    7.8542744471E-01,                  NaN
    1.0546875000E-01,   -1.5240650253E-01,   -2.8029465271E-03,    7.8542744471E-01,                  NaN
    1.0937500000E-01,   -1.6393875132E-01,   -3.2268204779E-03,    7.8542744471E-01,                  NaN
    1.1328125000E-01,   -1.7585915279E-01,   -3.6954347174E-03,    7.8542744471E-01,                  NaN
    1.1718750000E-01,   -1.8815734649E-01,   -4.2114043525E-03,    7.8542744471E-01,                  NaN
    1.2109375000E-01,   -2.0081937779E-01,   -4.7772816210E-03,    7.8542744471E-01,                  NaN
    1.2500000000E-01,   -2.1382726620E-01,   -5.3955189725E-03,    7.8542744471E-01,                  NaN
    1.2890625000E-01,   -2.2715984837E-01,   -6.0684535983E-03,    7.8542744471E-01,                  NaN
    1.3281250000E-01,   -2.4079479855E-01,   -6.7983225593E-03,    7.8542744471E-01,                  NaN
    1.3671875000E-01,   -2.5471110437E-01,   -7.5873033537E-03,    7.8542744471E-01,                  NaN
    1.4062500000E-01,   -2.6889090760E-01,   -8.4375589601E-03,    7.8542744471E-01,                  NaN
    1.4453125000E-01,   -2.8331961224E-01,   -9.3512541697E-03,    7.8542744471E-01,                  NaN
    1.4843750000E-01,   -2.9798351971E-01,   -1.0330506106E-02,    7.8542744471E-01,                  NaN
    1.5234375000E-01,   -3.1286493348E-01,   -1.1377240917E-02,    7.8542744471E-01,                  NaN
    1.5625000000E-01,   -3.2793556472E-01,   -1.2492953172E-02,    7.8542744471E-01,                  NaN
    1.6015625000E-01,   -3.4314990522E-01,   -1.3678400501E-02,    7.8542744471E-01,                  NaN
    1.6406250000E-01,   -3.5844065958E-01,   -1.4933301468E-02,    7.8542744471E-01,                  NaN
    1.6796875000E-01,   -3.7371806287E-01,   -1.6256123107E-02,    7.8542744471E-01,                  NaN
    1.7187500000E-01,   -3.8887394325E-01,   -1.7644034144E-02,    7.8542744471E-01,                  NaN
    1.7578125000E-01,   -4.0379003260E-01,   -1.9093060414E-02,    7.8542744471E-01,                  NaN
    1.7968750000E-01,   -4.1834878997E-01,   -2.0598423720E-02,    7.8542744471E-01,                  NaN
    1.8359375000E-01,   -4.3244433625E-01,   -2.2154994744E-02,    7.8542744471E-01,                  NaN
    1.8750000000E-01,   -4.4599120223E-01,   -2.3757762663E-02,    7.8542744471E-01,                  NaN
    1.9140625000E-01,   -4.5892934734E-01,   -2.5402226579E-02,    7.8542744471E-01,                  NaN
    1.9531250000E-01,   -4.7122497557E-01,   -2.7084642372E-02,    7.8542744471E-01,                  NaN
    1.9921875000E-01,   -4.8286767763E-01,   -2.8802100283E-02,    7.8542744471E-01,                  NaN
    2.0312500000E-01,   -4.9386509372E-01,   -3.0552448982E-02,    7.8542744471E-01,                  NaN
    2.0703125000E-01,   -5.0423652200E-01,   -3.2334110273E-02,    7.8542744471E-01,                  NaN
    2.1093750000E-01,   -5.1400675187E-01,   -3.4145840481E-02,    7.8542744471E-01,                  NaN
    2.1484375000E-01,   -5.2320102075E-01,   -3.5986491272E-02,    7.8542744471E-01,                  NaN
    2.1875000000E-01,   -5.3184153604E-01,   -3.7854808967E-02,    7.8542744471E-01,                  NaN
    2.2265625000E-01,   -5.3994559840E-01,   -3.9749293630E-02,    7.8542744471E-01,                  NaN
    2.2656250000E-01,   -5.4752508321E-01,   -4.1668122724E-02,    7.8542744471E-01,                  NaN
    2.3046875000E-01,   -5.5458690269E-01,   -4.3609132374E-02,    7.8542744471E-01,                  NaN
    2.3437500000E-01,   -5.6113405669E-01,   -4.5569843103E-02,    7.8542744471E-01,                  NaN
    2.3828125000E-01,   -5.6716693434E-01,   -4.7547514894E-02,    7.8542744471E-01,                  NaN
    2.4218750000E-01,   -5.7268460475E-01,   -4.9539216476E-02,    7.8542744471E-01,                  NaN
    2.4609375000E-01,   -5.7768590930E-01,   -5.1541894706E-02,    7.8542744471E-01,                  NaN
    2.5000000000E-01,   -5.8217023951E-01,   -5.3552431948E-02,    7.8542744471E-01,                  NaN
    2.5390625000E-01,   -5.8613796615E-01,   -5.5567683818E-02,    7.8542744471E-01,                  NaN
    2.5781250000E-01,   -5.8959057657E-01,   -5.7584496913E-02,    7.8542744471E-01,                  NaN
    2.6171875000E-01,   -5.9253066037E-01,   -5.9599714881E-02,    7.8542744471E-01,                  NaN
    2.6562500000E-01,   -5.9496192602E-01,   -6.1610188067E-02,    7.8542744471E-01,                  NaN
    2.6953125000E-01,   -5.9688940675E-01,   -6.3612803375E-02,    7.8542744471E-01,                  NaN
    2.7343750000E-01,   -5.9831992253E-01,   -6.5604545010E-02,    7.8542744471E-01,                  NaN
    2.7734375000E-01,   -5.9926273720E-01,   -6.7582584749E-02,    7.8542744471E-01,                  NaN
    2.8125000000E-01,   -5.9973023478E-01,   -6.9544386647E-02,    7.8542744471E-01,                  NaN
    2.8515625000E-01,   -5.9973838674E-01,   -7.1487801175E-02,    7.8542744471E-01,                  NaN
    2.8906250000E-01,   -5.9930681681E-01,   -7.3411122519E-02,    7.8542744471E-01,                  NaN
    2.9296875000E-01,   -5.9845838505E-01,   -7.5313091610E-02,    7.8542744471E-01,                  NaN
    2.9687500000E-01,   -5.9721837163E-01,   -7.7192844601E-02,    7.8542744471E-01,                  NaN
    3.0078125000E-01,   -5.9561349156E-01,   -7.9049826927E-02,    7.8542744471E-01,                  NaN
    3.0468750000E-01,   -5.9367106829E-01,   -8.0883710838E-02,    7.8542744471E-01,                  NaN
    3.0859375000E-01,   -5.9141870445E-01,   -8.2694363670E-02,    7.8542744471E-01,                  NaN
    3.1250000000E-01,   -5.8888470730E-01,   -8.4481911884E-02,    7.8542744471E-01,                  NaN
    3.1640625000E-01,   -5.8609936798E-01,   -8.6246931027E-02,    7.8542744471E-01,                  NaN
    3.2031250000E-01,   -5.8309698950E-01,   -8.7990766381E-02,    7.8542744471E-01,                  NaN
    3.2421875000E-01,   -5.7991835001E-01,   -8.9715957420E-02,    7.8542744471E-01,                  NaN
    3.2812500000E-01,   -5.7661311768E-01,   -9.1426707321E-02,    7.8542744471E-01,                  NaN
    3.3203125000E-01,   -5.7324164427E-01,   -9.3129313783E-02,    7.8542744471E-01,                  NaN
    3.3593750000E-01,   -5.6987558422E-01,   -9.4832465973E-02,    7.8542744471E-01,                  NaN
    3.3984375000E-01,   -5.6659692738E-01,   -9.6547319439E-02,    7.8542744471E-01,                  NaN
    3.4375000000E-01,   -5.6349528168E-01,   -9.8287287848E-02,    7.8542744471E-01,                  NaN
    3.4765625000E-01,   -5.6066355556E-01,   -1.0006753432E-01,    7.8542744471E-01,                  NaN
    3.5156250000E-01,   -5.5819250719E-01,   -1.0190419825E-01,    7.8542744471E-01,                  NaN
    3.5546875000E-01,   -5.5616487778E-01,   -1.0381344524E-01,    7.8542744471E-01,                  NaN
    3.5937500000E-01,   -5.5464995043E-01,   -1.0581046603E-01,    7.8542744471E-01,                  NaN
    3.6328125000E-01,   -5.5369934054E-01,   -1.0790856636E-01,    7.8542744471E-01,                  NaN
    3.6718750000E-01,   -5.5334463264E-01,   -1.1011847887E-01,    7.8542744471E-01,                  NaN
    3.7109375000E-01,   -5.5359717185E-01,   -1.1244799212E-01,    7.8542744471E-01,                  NaN
    3.7500000000E-01,   -5.5444996117E-01,   -1.1490193850E-01,    7.8542744471E-01,                  NaN
    3.7890625000E-01,   -5.5588128359E-01,   -1.1748252318E-01,    7.8542744471E-01,                  NaN
    3.8281250000E-01,   -5.5785942473E-01,   -1.2018992297E-01,    7.8542744471E-01,                  NaN
    3.8671875000E-01,   -5.6034775823E-01,   -1.2302304677E-01,    7.8542744471E-01,                  NaN
    3.9062500000E-01,   -5.6330948245E-01,   -1.2598033473E-01,    7.8542744471E-01,                  NaN
    3.9453125000E-01,   -5.6671144197E-01,   -1.2906048112E-01,    7.8542744471E-01,                  NaN
    3.9843750000E-01,   -5.7052668982E-01,   -1.3226299340E-01,    7.8542744471E-01,                  NaN
    4.0234375000E-01,   -5.7473569331E-01,   -1.3558853832E-01,    7.8542744471E-01,                  NaN
    4.0625000000E-01,   -5.7932630780E-01,   -1.3903906672E-01,    7.8542744471E-01,                  NaN
    4.1015625000E-01,   -5.8429280129E-01,   -1.4261774393E-01,    7.8542744471E-01,                  NaN
    4.1406250000E-01,   -5.8963428787E-01,   -1.4632873566E-01,    7.8542744471E-01,                  NaN
    4.1796875000E-01,   -5.9535292233E-01,   -1.5017690788E-01,    7.8542744471E-01,                  NaN
    4.2187500000E-01,   -6.0145213719E-01,   -1.5416749465E-01,    7.8542744471E-01,                  NaN
    4.2578125000E-01,   -6.0793509896E-01,   -1.5830577337E-01,    7.8542744471E-01,                  NaN
    4.2968750000E-01,   -6.1480345335E-01,   -1.6259676900E-01,    7.8542744471E-01,                  NaN
    4.3359375000E-01,   -6.2205634723E-01,   -1.6704499300E-01,    7.8542744471E-01,                  NaN
    4.3750000000E-01,   -6.2968967425E-01,   -1.7165421291E-01,    7.8542744471E-01,                  NaN
    4.4140625000E-01,   -6.3769549179E-01,   -1.7642724682E-01,    7.8542744471E-01,                  NaN
    4.4531250000E-01,   -6.4606158706E-01,   -1.8136578183E-01,    7.8542744471E-01,                  NaN
    4.4921875000E-01,   -6.5477120863E-01,   -1.8647022340E-01,    7.8542744471E-01,                  NaN
    4.5312500000E-01,   -6.6380300497E-01,   -1.9173958822E-01,    7.8542744471E-01,                  NaN
    4.5703125000E-01,   -6.7313120885E-01,   -1.9717145378E-01,    7.8542744471E-01,                  NaN
    4.6093750000E-01,   -6.8272607075E-01,   -2.0276197052E-01,    7.8542744471E-01,                  NaN
    4.6484375000E-01,   -6.9255448658E-01,   -2.0850592870E-01,    7.8542744471E-01,                  NaN
    4.6875000000E-01,   -7.0258070146E-01,   -2.1439685603E-01,    7.8542744471E-01,                  NaN
    4.7265625000E-01,   -7.1276692600E-01,   -2.2042710793E-01,    7.8542744471E-01,                  NaN
    4.7656250000E-01,   -7.2307369185E-01,   -2.2658790629E-01,    7.8542744471E-01,                  NaN
    4.8046875000E-01,   -7.3345981014E-01,   -2.3286928798E-01,    7.8542744471E-01,                  NaN
    4.8437500000E-01,   -7.4388187577E-01,   -2.3925994104E-01,    7.8542744471E-01,                  NaN
    4.8828125000E-01,   -7.5429336899E-01,   -2.4574693371E-01,    7.8542744471E-01,                  NaN
    4.9218750000E-01,   -7.6464352018E-01,   -2.5231537233E-01,    7.8542744471E-01,                  NaN
    4.9609375000E-01,   -7.7487619778E-01,   -2.5894805374E-01,    7.8542744471E-01,                  NaN
    5.0000000000E-01,   -7.8492913214E-01,   -2.6562519740E-01,    7.8542744471E-01,                  NaN
    5.0390625000E-01,   -7.9473378279E-01,   -2.7232434924E-01,    7.8542744471E-01,                  NaN
    5.0781250000E-01,   -8.0421609062E-01,   -2.7902053718E-01,    7.8542744471E-01,                  NaN
    5.1171875000E-01,   -8.1329823654E-01,   -2.8568673086E-01,    7.8542744471E-01,                  NaN
    5.1562500000E-01,   -8.2190137310E-01,   -2.9229461560E-01,    7.8542744471E-01,                  NaN
    5.1953125000E-01,   -8.2994912922E-01,   -2.9881564223E-01,    7.8542744471E-01,                  NaN
    5.2343750000E-01,   -8.3737154128E-01,   -3.0522226530E-01,    7.8542744471E-01,                  NaN
    5.2734375000E-01,   -8.4410896102E-01,   -3.1148924365E-01,    7.8542744471E-01,                  NaN
    5.3125000000E-01,   -8.5011545383E-01,   -3.1759485460E-01,    7.8542744471E-01,                  NaN
    5.3515625000E-01,   -8.5536123929E-01,   -3.2352187268E-01,    7.8542744471E-01,                  NaN
    5.3906250000E-01,   -8.5983383543E-01,   -3.2925818661E-01,    7.8542744471E-01,                  NaN
    5.4296875000E-01,   -8.6353773447E-01,   -3.3479697184E-01,    7.8542744471E-01,                  NaN
    5.4687500000E-01,   -8.6649263245E-01,   -3.4013639336E-01,    7.8542744471E-01,                  NaN
    5.5078125000E-01,   -8.6873042799E-01,   -3.4527887589E-01,    7.8542744471E-01,                  NaN
    5.5468750000E-01,   -8.7029136296E-01,   -3.5023003542E-01,    7.8542744471E-01,                  NaN
    5.5859375000E-01,   -8.7121977647E-01,   -3.5499740817E-01,    7.8542744471E-01,                  NaN
    5.6250000000E-01,   -8.7155996867E-01,   -3.5958913331E-01,    7.8542744471E-01,                  NaN
    5.6640625000E-01,   -8.7135262294E-01,   -3.6401274325E-01,    7.8542744471E-01,                  NaN
    5.7031250000E-01,   -8.7063212746E-01,   -3.6827419000E-01,    7.8542744471E-01,                  NaN
    5.7421875000E-01,   -8.6942499193E-01,   -3.7237719567E-01,    7.8542744471E-01,                  NaN
    5.7812500000E-01,   -8.6774940049E-01,   -3.7632296661E-01,    7.8542744471E-01,                  NaN
    5.8203125000E-01,   -8.6561580199E-01,   -3.8011026268E-01,    7.8542744471E-01,                  NaN
    5.8593750000E-01,   -8.6302833395E-01,   -3.8373577385E-01,    7.8542744471E-01,                  NaN
    5.8984375000E-01,   -8.5998681605E-01,   -3.8719472914E-01,    7.8542744471E-01,                  NaN
    5.9375000000E-01,   -8.5648903250E-01,   -3.9048164994E-01,    7.8542744471E-01,                  NaN
    5.9765625000E-01,   -8.5253304302E-01,   -3.9359116017E-01,    7.8542744471E-01,                  NaN
    6.0156250000E-01,   -8.4811930674E-01,   -3.9651877439E-01,    7.8542744471E-01,                  NaN
    6.0546875000E-01,   -8.4325245937E-01,   -3.9926160017E-01,    7.8542744471E-01,                  NaN
    6.0937500000E-01,   -8.3794264103E-01,   -4.0181890773E-01,    7.8542744471E-01,                  NaN
    6.1328125000E-01,   -8.3220632537E-01,   -4.0419253659E-01,    7.8542744471E-01,                  NaN
    6.1718750000E-01,   -8.2606664619E-01,   -4.0638712494E-01,    7.8542744471E-01,                  NaN
    6.2109375000E-01,   -8.1955325887E-01,   -4.0841016321E-01,    7.8542744471E-01,                  NaN
    6.2500000000E-01,   -8.1270181078E-01,   -4.1027188898E-01,    7.8542744471E-01,                  NaN
    6.2890625000E-01,   -8.0555312743E-01,   -4.1198505608E-01,    7.8542744471E-01,                  NaN
    6.3281250000E-01,   -7.9815224742E-01,   -4.1356462512E-01,    7.8542744471E-01,                  NaN
    6.3671875000E-01,   -7.9054745296E-01,   -4.1502743321E-01,    7.8542744471E-01,                  NaN
    6.4062500000E-01,   -7.8278943901E-01,   -4.1639190404E-01,    7.8542744471E-01,                  NaN
    6.4453125000E-01,   -7.7493073741E-01,   -4.1767785336E-01,    7.8542744471E-01,                  NaN
    6.4843750000E-01,   -7.6702546292E-01,   -4.1890642728E-01,    7.8542744471E-01,                  NaN
    6.5234375000E-01,   -7.5912938056E-01,   -4.2010018371E-01,    7.8542744471E-01,                  NaN
    6.5625000000E-01,   -7.5130021724E-01,   -4.2128329294E-01,    7.8542744471E-01,                  NaN
    6.6015625000E-01,   -7.4359807011E-01,   -4.2248179874E-01,    7.8542744471E-01,                  NaN
    6.6406250000E-01,   -7.3608571418E-01,   -4.2372385307E-01,    7.8542744471E-01,                  NaN
    6.6796875000E-01,   -7.2882859446E-01,   -4.2503982154E-01,    7.8542744471E-01,                  NaN
    6.7187500000E-01,   -7.2189431105E-01,   -4.2646215966E-01,    7.8542744471E-01,                  NaN
    6.7578125000E-01,   -7.1535146928E-01,   -4.2802498155E-01,    7.8542744471E-01,                  NaN
    6.7968750000E-01,   -7.0926786200E-01,   -4.2976328309E-01,    7.8542744471E-01,                  NaN
    6.8359375000E-01,   -7.0370806425E-01,   -4.3171183383E-01,    7.8542744471E-01,                  NaN
    6.8750000000E-01,   -6.9873063147E-01,   -4.3390380850E-01,    7.8542744471E-01,                  NaN
    6.9140625000E-01,   -6.9438518265E-01,   -4.3636928017E-01,    7.8542744471E-01,                  NaN
    6.9531250000E-01,   -6.9070970175E-01,   -4.3913373363E-01,    7.8542744471E-01,                  NaN
    6.9921875000E-01,   -6.8772839547E-01,   -4.4221677232E-01,    7.8542744471E-01,                  NaN
    7.0312500000E-01,   -6.8545039823E-01,   -4.4563118169E-01,    7.8542744471E-01,                  NaN
    7.0703125000E-01,   -6.8386952479E-01,   -4.4938247683E-01,    7.8542744471E-01,                  NaN
    7.1093750000E-01,   -6.8296514802E-01,   -4.5346900703E-01,    7.8542744471E-01,                  NaN
    7.1484375000E-01,   -6.8270414411E-01,   -4.5788262331E-01,    7.8542744471E-01,                  NaN
    7.1875000000E-01,   -6.8304371899E-01,   -4.6260984590E-01,    7.8542744471E-01,                  NaN
    7.2265625000E-01,   -6.8393482662E-01,   -4.6763340827E-01,    7.8542744471E-01,                  NaN
    7.2656250000E-01,   -6.8532582577E-01,   -4.7293401010E-01,    7.8542744471E-01,                  NaN
    7.3046875000E-01,   -6.8716600412E-01,   -4.7849209055E-01,    7.8542744471E-01,                  NaN
    7.3437500000E-01,   -6.8940862745E-01,   -4.8428943541E-01,    7.8542744471E-01,                  NaN
    7.3828125000E-01,   -6.9201323970E-01,   -4.9031045783E-01,    7.8542744471E-01,                  NaN
    7.4218750000E-01,   -6.9494703649E-01,   -4.9654303558E-01,    7.8542744471E-01,                  NaN
    7.4609375000E-01,   -6.9818524450E-01,   -5.0297884222E-01,    7.8542744471E-01,                  NaN
    7.5000000000E-01,   -7.0171054856E-01,   -5.0961316787E-01,    7.8542744471E-01,                  NaN
    7.5390625000E-01,   -7.0551170386E-01,   -5.1644427934E-01,    7.8542744471E-01,                  NaN
    7.5781250000E-01,   -7.0958154276E-01,   -5.2347241384E-01,    7.8542744471E-01,                  NaN
    7.6171875000E-01,   -7.1391462944E-01,   -5.3069853153E-01,    7.8542744471E-01,                  NaN
    7.6562500000E-01,   -7.1850482836E-01,   -5.3812296705E-01,    7.8542744471E-01,                  NaN
    7.6953125000E-01,   -7.2334303680E-01,   -5.4574411924E-01,    7.8542744471E-01,                  NaN
    7.7343750000E-01,   -7.2841529128E-01,   -5.5355730303E-01,    7.8542744471E-01,                  NaN
    7.7734375000E-01,   -7.3370139883E-01,   -5.6155385969E-01,    7.8542744471E-01,                  NaN
    7.8125000000E-01,   -7.3917417355E-01,   -5.6972058645E-01,    7.8542744471E-01,                  NaN
    7.8515625000E-01,   -7.4479928585E-01,   -5.7803950574E-01,    7.8542744471E-01,                  NaN
    7.8906250000E-01,   -7.5053566250E-01,   -5.8648795566E-01,    7.8542744471E-01,                  NaN
    7.9296875000E-01,   -7.5633631977E-01,   -5.9503894829E-01,    7.8542744471E-01,                  NaN
    7.9687500000E-01,   -7.6214947471E-01,   -6.0366171828E-01,    7.8542744471E-01,                  NaN
    8.0078125000E-01,   -7.6791976652E-01,   -6.1232237195E-01,    7.8542744471E-01,                  NaN
    8.0468750000E-01,   -7.7358943222E-01,   -6.2098454986E-01,    7.8542744471E-01,                  NaN
    8.0859375000E-01,   -7.7909931641E-01,   -6.2961003261E-01,    7.8542744471E-01,                  NaN
    8.1250000000E-01,   -7.8438964868E-01,   -6.3815924725E-01,    7.8542744471E-01,                  NaN
    8.1640625000E-01,   -7.8940058533E-01,   -6.4659166649E-01,    7.8542744471E-01,                  NaN
    8.2031250000E-01,   -7.9407257296E-01,   -6.5486612706E-01,    7.8542744471E-01,                  NaN
    8.2421875000E-01,   -7.9834664079E-01,   -6.6294112247E-01,    7.8542744471E-01,                  NaN
    8.2812500000E-01,   -8.0216475479E-01,   -6.7077514109E-01,    7.8542744471E-01,                  NaN
    8.3203125000E-01,   -8.0547036610E-01,   -6.7832712161E-01,    7.8542744471E-01,                  NaN
    8.3593750000E-01,   -8.0820925572E-01,   -6.8555708128E-01,    7.8542744471E-01,                  NaN
    8.3984375000E-01,   -8.1033072336E-01,   -6.9242694197E-01,    7.8542744471E-01,                  NaN
    8.4375000000E-01,   -8.1178909762E-01,   -6.9890153929E-01,    7.8542744471E-01,                  NaN
    8.4765625000E-01,   -8.1254547150E-01,   -7.0494975805E-01,    7.8542744471E-01,                  NaN
    8.5156250000E-01,   -8.1256950252E-01,   -7.1054570061E-01,    7.8542744471E-01,                  NaN
    8.5546875000E-01,   -8.1184107489E-01,   -7.1566977049E-01,    7.8542744471E-01,                  NaN
    8.5937500000E-01,   -8.1035160787E-01,   -7.2030954601E-01,    7.8542744471E-01,                  NaN
    8.6328125000E-01,   -8.0810481458E-01,   -7.2446032939E-01,    7.8542744471E-01,                  NaN
    8.6718750000E-01,   -8.0511676571E-01,   -7.2812528490E-01,    7.8542744471E-01,                  NaN
    8.7109375000E-01,   -8.0141518639E-01,   -7.3131512101E-01,    7.8542744471E-01,                  NaN
    8.7500000000E-01,   -7.9703800245E-01,   -7.3404732118E-01,    7.8542744471E-01,                  NaN
    8.7890625000E-01,   -7.9203123988E-01,   -7.3634497812E-01,    7.8542744471E-01,                  NaN
    8.8281250000E-01,   -7.8644645796E-01,   -7.3823533056E-01,    7.8542744471E-01,                  NaN
    8.8671875000E-01,   -7.8033794968E-01,   -7.3974813361E-01,    7.8542744471E-01,                  NaN
    8.9062500000E-01,   -7.7375996889E-01,   -7.4091401099E-01,    7.8542744471E-01,                  NaN
    8.9453125000E-01,   -7.6676423796E-01,   -7.4176293802E-01,    7.8542744471E-01,                  NaN
    8.9843750000E-01,   -7.5939795636E-01,   -7.4232298835E-01,    7.8542744471E-01,                  NaN
    9.0234375000E-01,   -7.5170247175E-01,   -7.4261944713E-01,    7.8542744471E-01,                  NaN
    9.0625000000E-01,   -7.4371270029E-01,   -7.4267435196E-01,    7.8542744471E-01,                  NaN
    9.1015625000E-01,   -7.3545730030E-01,   -7.4250647625E-01,    7.8542744471E-01,                  NaN
    9.1406250000E-01,   -7.2695952355E-01,   -7.4213172243E-01,    7.8542744471E-01,                  NaN
    9.1796875000E-01,   -7.1823860073E-01,   -7.4156384975E-01,    7.8542744471E-01,                  NaN
    9.2187500000E-01,   -7.0931146797E-01,   -7.4081542855E-01,    7.8542744471E-01,                  NaN
    9.2578125000E-01,   -7.0019461671E-01,   -7.3989889294E-01,    7.8542744471E-01,                  NaN
    9.2968750000E-01,   -6.9090585049E-01,   -7.3882756023E-01,    7.8542744471E-01,                  NaN
    9.3359375000E-01,   -6.8146576027E-01,   -7.3761649770E-01,    7.8542744471E-01,                  NaN
    9.3750000000E-01,   -6.7189877986E-01,   -7.3628314463E-01,    7.8542744471E-01,                  NaN
    9.4140625000E-01,   -6.6223374664E-01,   -7.3484763530E-01,    7.8542744471E-01,                  NaN
    9.4531250000E-01,   -6.5250396185E-01,   -7.3333281290E-01,    7.8542744471E-01,                  NaN
    9.4921875000E-01,   -6.4274680825E-01,   -7.3176396663E-01,    7.8542744471E-01,                  NaN
    9.5312500000E-01,   -6.3300303124E-01,   -7.3016835875E-01,    7.8542744471E-01,                  NaN
    9.5703125000E-01,   -6.2331581500E-01,   -7.2857462824E-01,    7.8542744471E-01,                  NaN
    9.6093750000E-01,   -6.1372978512E-01,   -7.2701216127E-01,    7.8542744471E-01,                  NaN
    9.6484375000E-01,   -6.0429004592E-01,   -7.2551050467E-01,    7.8542744471E-01,                  NaN
    9.6875000000E-01,   -5.9504132071E-01,   -7.2409887146E-01,    7.8542744471E-01,                  NaN
    9.7265625000E-01,   -5.8602721555E-01,   -7.2280575195E-01,    7.8542744471E-01,                  NaN
    9.7656250000E-01,   -5.7728958296E-01,   -7.2165860909E-01,    7.8542744471E-01,                  NaN
    9.8046875000E-01,   -5.6886793156E-01,   -7.2068360957E-01,    7.8542744471E-01,                  NaN
    9.8437500000E-01,   -5.6079881762E-01,   -7.1990532967E-01,    7.8542744471E-01,                  NaN
    9.8828125000E-01,   -5.5311516557E-01,   -7.1934637862E-01,    7.8542744471E-01,                  NaN
    9.9218750000E-01,   -5.4584549381E-01,   -7.1902690303E-01,    7.8542744471E-01,                  NaN
    9.9609375000E-01,   -5.3901306196E-01,   -7.1896396740E-01,    7.8542744471E-01,                  NaN
    1.0000000000E+00,   -5.3263499804E-01,   -7.1917084439E-01,    7.8542744471E-01,                  NaN
                 NaN,   -5.9156824038E-01,   -3.0630433713E-01,    7.8542744471E-01,                  NaN
