                Time,             Y-Force,      Work integrand,                Mass,           Mass error
    0.0000000000E+00,   -1.4586977667E-03,    0.0000000000E+00,    7.8653765150E-01,                  NaN
    1.9531250000E-03,    2.0205739802E-04,   -8.3861973393E-10,    7.8653765150E-01,                  NaN
    3.9062500000E-03,    1.5044971806E-03,    1.3827219048E-08,    7.8653765150E-01,                  NaN
    5.8593750000E-03,    2.0181361900E-04,   -3.0708649153E-08,    7.8653765150E-01,                  NaN
    7.8125000000E-03,   -1.3519066096E-03,   -1.8372829526E-07,    7.8653765150E-01,                  NaN
    9.7656250000E-03,   -1.9342278532E-03,   -3.9774481144E-07,    7.8653765150E-01,                  NaN
    1.1718750000E-02,   -2.4352027165E-03,   -7.3947994841E-07,    7.8653765150E-01,                  NaN
    1.3671875000E-02,   -3.5460069580E-03,   -1.3714938483E-06,    7.8653765150E-01,                  NaN
    1.5625000000E-02,   -4.5728528745E-03,   -2.2370107585E-06,    7.8653765150E-01,                  NaN
    1.7578125000E-02,   -4.5349161797E-03,   -3.0104763803E-06,    7.8653765150E-01,                  NaN
    1.9531250000E-02,   -3.4645722083E-03,   -3.4939873215E-06,    7.8653765150E-01,                  NaN
    2.1484375000E-02,   -2.2881778687E-03,   -3.9337496967E-06,    7.8653765150E-01,                  NaN
    2.3437500000E-02,   -1.8553219233E-03,   -4.8598540846E-06,    7.8653765150E-01,                  NaN
    2.5390625000E-02,   -2.4254126787E-03,   -6.7416939773E-06,    7.8653765150E-01,                  NaN
    2.7343750000E-02,   -3.9120762740E-03,   -9.9171313400E-06,    7.8653765150E-01,                  NaN
    2.9296875000E-02,   -6.2469825947E-03,   -1.4749729383E-05,    7.8653765150E-01,                  NaN
    3.1250000000E-02,   -9.3933200292E-03,   -2.1643984486E-05,    7.8653765150E-01,                  NaN
    3.3203125000E-02,   -1.3173485945E-02,   -3.0835529085E-05,    7.8653765150E-01,                  NaN
    3.5156250000E-02,   -1.7247692033E-02,   -4.2241813723E-05,    7.8653765150E-01,                  NaN
    3.7109375000E-02,   -2.1271429791E-02,   -5.5564225369E-05,    7.8653765150E-01,                  NaN
    3.9062500000E-02,   -2.5027579885E-02,   -7.0491903801E-05,    7.8653765150E-01,                  NaN
    4.1015625000E-02,   -2.8422308336E-02,   -8.6783064962E-05,    7.8653765150E-01,                  NaN
    4.2968750000E-02,   -3.1418677953E-02,   -1.0422478385E-04,    7.8653765150E-01,                  NaN
    4.4921875000E-02,   -3.4008350376E-02,   -1.2262240215E-04,    7.8653765150E-01,                  NaN
    4.6875000000E-02,   -3.6225452527E-02,   -1.4187204140E-04,    7.8653765150E-01,                  NaN
    4.8828125000E-02,   -3.8151095735E-02,   -1.6202733716E-04,    7.8653765150E-01,                  NaN
    5.0781250000E-02,   -3.9889064075E-02,   -1.8328656284E-04,    7.8653765150E-01,                  NaN
    5.2734375000E-02,   -4.1537138344E-02,   -2.0593435260E-04,    7.8653765150E-01,                  NaN
    5.4687500000E-02,   -4.3176909358E-02,   -2.3030797198E-04,    7.8653765150E-01,                  NaN
    5.6640625000E-02,   -4.4878120902E-02,   -2.5680043352E-04,    7.8653765150E-01,                  NaN
    5.8593750000E-02,   -4.6702537400E-02,   -2.8586411022E-04,    7.8653765150E-01,                  NaN
    6.0546875000E-02,   -4.8702194683E-02,   -3.1799362463E-04,    7.8653765150E-01,                  NaN
    6.2500000000E-02,   -5.0916989360E-02,   -3.5370209944E-04,    7.8653765150E-01,                  NaN
    6.4453125000E-02,   -5.3375633744E-02,   -3.9350906685E-04,    7.8653765150E-01,                  NaN
    6.6406250000E-02,   -5.6098510055E-02,   -4.3793821288E-04,    7.8653765150E-01,                  NaN
    6.8359375000E-02,   -5.9099385892E-02,   -4.8751224338E-04,    7.8653765150E-01,                  NaN
    7.0312500000E-02,   -6.2385339093E-02,   -5.4273971894E-04,    7.8653765150E-01,                  NaN
    7.2265625000E-02,   -6.5956242828E-02,   -6.0409894544E-04,    7.8653765150E-01,                  NaN
    7.4218750000E-02,   -6.9804948399E-02,   -6.7202516627E-04,    7.8653765150E-01,                  NaN
    7.6171875000E-02,   -7.3918212791E-02,   -7.4690278696E-04,    7.8653765150E-01,                  NaN
    7.8125000000E-02,   -7.8277922202E-02,   -8.2906154242E-04,    7.8653765150E-01,                  NaN
    8.0078125000E-02,   -8.2862351097E-02,   -9.1877597283E-04,    7.8653765150E-01,                  NaN
    8.2031250000E-02,   -8.7647486694E-02,   -1.0162687869E-03,    7.8653765150E-01,                  NaN
    8.3984375000E-02,   -9.2608498217E-02,   -1.1217187921E-03,    7.8653765150E-01,                  NaN
    8.5937500000E-02,   -9.7721277126E-02,   -1.2352729722E-03,    7.8653765150E-01,                  NaN
    8.7890625000E-02,   -1.0296381268E-01,   -1.3570607782E-03,    7.8653765150E-01,                  NaN
    8.9843750000E-02,   -1.0831715382E-01,   -1.4872078472E-03,    7.8653765150E-01,                  NaN
    9.1796875000E-02,   -1.1376585168E-01,   -1.6258468200E-03,    7.8653765150E-01,                  NaN
    9.3750000000E-02,   -1.1929794219E-01,   -1.7731241964E-03,    7.8653765150E-01,                  NaN
    9.5703125000E-02,   -1.2490459022E-01,   -1.9292031224E-03,    7.8653765150E-01,                  NaN
    9.7656250000E-02,   -1.3057948846E-01,   -2.0942622343E-03,    7.8653765150E-01,                  NaN
    9.9609375000E-02,   -1.3631808967E-01,   -2.2684909003E-03,    7.8653765150E-01,                  NaN
    1.0156250000E-01,   -1.4211679205E-01,   -2.4520819501E-03,    7.8653765150E-01,                  NaN
    1.0351562500E-01,   -1.4797223434E-01,   -2.6452238737E-03,    7.8653765150E-01,                  NaN
    1.0546875000E-01,   -1.5388082684E-01,   -2.8480946626E-03,    7.8653765150E-01,                  NaN
    1.0742187500E-01,   -1.5983856369E-01,   -3.0608588406E-03,    7.8653765150E-01,                  NaN
    1.0937500000E-01,   -1.6584109468E-01,   -3.2836684014E-03,    7.8653765150E-01,                  NaN
    1.1132812500E-01,   -1.7188400980E-01,   -3.5166678319E-03,    7.8653765150E-01,                  NaN
    1.1328125000E-01,   -1.7796328401E-01,   -3.7600030542E-03,    7.8653765150E-01,                  NaN
    1.1523437500E-01,   -1.8407581513E-01,   -4.0138336458E-03,    7.8653765150E-01,                  NaN
    1.1718750000E-01,   -1.9021997095E-01,   -4.2783471270E-03,    7.8653765150E-01,                  NaN
    1.1914062500E-01,   -1.9639606067E-01,   -4.5537737221E-03,    7.8653765150E-01,                  NaN
    1.2109375000E-01,   -2.0260666599E-01,   -4.8403999805E-03,    7.8653765150E-01,                  NaN
    1.2304687500E-01,   -2.0885679245E-01,   -5.1385798163E-03,    7.8653765150E-01,                  NaN
    1.2500000000E-01,   -2.1515382007E-01,   -5.4487417155E-03,    7.8653765150E-01,                  NaN
    1.2695312500E-01,   -2.2150724499E-01,   -5.7713910329E-03,    7.8653765150E-01,                  NaN
    1.2890625000E-01,   -2.2792821950E-01,   -6.1071065906E-03,    7.8653765150E-01,                  NaN
    1.3085937500E-01,   -2.3442891661E-01,   -6.4565312347E-03,    7.8653765150E-01,                  NaN
    1.3281250000E-01,   -2.4102176268E-01,   -6.8203565246E-03,    7.8653765150E-01,                  NaN
    1.3476562500E-01,   -2.4771859337E-01,   -7.1993022228E-03,    7.8653765150E-01,                  NaN
    1.3671875000E-01,   -2.5452979312E-01,   -7.5940916881E-03,    7.8653765150E-01,                  NaN
    1.3867187500E-01,   -2.6146348114E-01,   -8.0054246544E-03,    7.8653765150E-01,                  NaN
    1.4062500000E-01,   -2.6852480410E-01,   -8.4339491715E-03,    7.8653765150E-01,                  NaN
    1.4257812500E-01,   -2.7571538847E-01,   -8.8802346250E-03,    7.8653765150E-01,                  NaN
    1.4453125000E-01,   -2.8303299146E-01,   -9.3447476869E-03,    7.8653765150E-01,                  NaN
    1.4648437500E-01,   -2.9047137201E-01,   -9.8278328035E-03,    7.8653765150E-01,                  NaN
    1.4843750000E-01,   -2.9802038471E-01,   -1.0329698432E-02,    7.8653765150E-01,                  NaN
    1.5039062500E-01,   -3.0566628197E-01,   -1.0850409767E-02,    7.8653765150E-01,                  NaN
    1.5234375000E-01,   -3.1339219489E-01,   -1.1389888168E-02,    7.8653765150E-01,                  NaN
    1.5429687500E-01,   -3.2117875221E-01,   -1.1947917012E-02,    7.8653765150E-01,                  NaN
    1.5625000000E-01,   -3.2900478976E-01,   -1.2524153257E-02,    7.8653765150E-01,                  NaN
    1.5820312500E-01,   -3.3684810174E-01,   -1.3118143676E-02,    7.8653765150E-01,                  NaN
    1.6015625000E-01,   -3.4468618807E-01,   -1.3729344544E-02,    7.8653765150E-01,                  NaN
    1.6210937500E-01,   -3.5249695859E-01,   -1.4357143517E-02,    7.8653765150E-01,                  NaN
    1.6406250000E-01,   -3.6025936357E-01,   -1.5000882477E-02,    7.8653765150E-01,                  NaN
    1.6601562500E-01,   -3.6795392926E-01,   -1.5659880277E-02,    7.8653765150E-01,                  NaN
    1.6796875000E-01,   -3.7556318642E-01,   -1.6333454466E-02,    7.8653765150E-01,                  NaN
    1.6992187500E-01,   -3.8307198780E-01,   -1.7020941336E-02,    7.8653765150E-01,                  NaN
    1.7187500000E-01,   -3.9046771676E-01,   -1.7721713744E-02,    7.8653765150E-01,                  NaN
    1.7382812500E-01,   -3.9774039355E-01,   -1.8435196388E-02,    7.8653765150E-01,                  NaN
    1.7578125000E-01,   -4.0488268831E-01,   -1.9160878276E-02,    7.8653765150E-01,                  NaN
    1.7773437500E-01,   -4.1188985090E-01,   -1.9898322216E-02,    7.8653765150E-01,                  NaN
    1.7968750000E-01,   -4.1875956754E-01,   -2.0647171216E-02,    7.8653765150E-01,                  NaN
    1.8164062500E-01,   -4.2549175380E-01,   -2.1407151672E-02,    7.8653765150E-01,                  NaN
    1.8359375000E-01,   -4.3208829298E-01,   -2.2178073270E-02,    7.8653765150E-01,                  NaN
    1.8554687500E-01,   -4.3855272834E-01,   -2.2959825566E-02,    7.8653765150E-01,                  NaN
    1.8750000000E-01,   -4.4488991801E-01,   -2.3752371242E-02,    7.8653765150E-01,                  NaN
    1.8945312500E-01,   -4.5110566168E-01,   -2.4555736160E-02,    7.8653765150E-01,                  NaN
    1.9140625000E-01,   -4.5720630928E-01,   -2.5369996420E-02,    7.8653765150E-01,                  NaN
    1.9335937500E-01,   -4.6319836323E-01,   -2.6195262784E-02,    7.8653765150E-01,                  NaN
    1.9531250000E-01,   -4.6908808668E-01,   -2.7031662986E-02,    7.8653765150E-01,                  NaN
    1.9726562500E-01,   -4.7488113126E-01,   -2.7879322575E-02,    7.8653765150E-01,                  NaN
    1.9921875000E-01,   -4.8058219810E-01,   -2.8738345080E-02,    7.8653765150E-01,                  NaN
    2.0117187500E-01,   -4.8619474527E-01,   -2.9608792368E-02,    7.8653765150E-01,                  NaN
    2.0312500000E-01,   -4.9172075419E-01,   -3.0490666160E-02,    7.8653765150E-01,                  NaN
    2.0507812500E-01,   -4.9716056499E-01,   -3.1383891615E-02,    7.8653765150E-01,                  NaN
    2.0703125000E-01,   -5.0251278828E-01,   -3.2288303874E-02,    7.8653765150E-01,                  NaN
    2.0898437500E-01,   -5.0777429732E-01,   -3.3203638303E-02,    7.8653765150E-01,                  NaN
    2.1093750000E-01,   -5.1294030092E-01,   -3.4129525045E-02,    7.8653765150E-01,                  NaN
    2.1289062500E-01,   -5.1800449347E-01,   -3.5065488242E-02,    7.8653765150E-01,                  NaN
    2.1484375000E-01,   -5.2295927457E-01,   -3.6010950067E-02,    7.8653765150E-01,                  NaN
    2.1679687500E-01,   -5.2779602755E-01,   -3.6965239446E-02,    7.8653765150E-01,                  NaN
    2.1875000000E-01,   -5.3250544321E-01,   -3.7927605104E-02,    7.8653765150E-01,                  NaN
    2.2070312500E-01,   -5.3707787317E-01,   -3.8897232332E-02,    7.8653765150E-01,                  NaN
    2.2265625000E-01,   -5.4150369603E-01,   -3.9873262676E-02,    7.8653765150E-01,                  NaN
    2.2460937500E-01,   -5.4577367927E-01,   -4.0854815608E-02,    7.8653765150E-01,                  NaN
    2.2656250000E-01,   -5.4987932077E-01,   -4.1841011118E-02,    7.8653765150E-01,                  NaN
    2.2851562500E-01,   -5.5381315493E-01,   -4.2830992173E-02,    7.8653765150E-01,                  NaN
    2.3046875000E-01,   -5.5756901113E-01,   -4.3823945957E-02,    7.8653765150E-01,                  NaN
    2.3242187500E-01,   -5.6114221459E-01,   -4.4819122933E-02,    7.8653765150E-01,                  NaN
    2.3437500000E-01,   -5.6452972295E-01,   -4.5815852859E-02,    7.8653765150E-01,                  NaN
    2.3632812500E-01,   -5.6773019530E-01,   -4.6813557076E-02,    7.8653765150E-01,                  NaN
    2.3828125000E-01,   -5.7074399345E-01,   -4.7811756582E-02,    7.8653765150E-01,                  NaN
    2.4023437500E-01,   -5.7357311835E-01,   -4.8810075626E-02,    7.8653765150E-01,                  NaN
    2.4218750000E-01,   -5.7622108737E-01,   -4.9808240740E-02,    7.8653765150E-01,                  NaN
    2.4414062500E-01,   -5.7869276002E-01,   -5.0806075378E-02,    7.8653765150E-01,                  NaN
    2.4609375000E-01,   -5.8099412217E-01,   -5.1803490514E-02,    7.8653765150E-01,                  NaN
    2.4804687500E-01,   -5.8313203920E-01,   -5.2800471701E-02,    7.8653765150E-01,                  NaN
    2.5000000000E-01,   -5.8511398978E-01,   -5.3797063264E-02,    7.8653765150E-01,                  NaN
    2.5195312500E-01,   -5.8694779180E-01,   -5.4793350371E-02,    7.8653765150E-01,                  NaN
    2.5390625000E-01,   -5.8864133146E-01,   -5.5789439816E-02,    7.8653765150E-01,                  NaN
    2.5585937500E-01,   -5.9020230606E-01,   -5.6785440362E-02,    7.8653765150E-01,                  NaN
    2.5781250000E-01,   -5.9163798957E-01,   -5.7781443481E-02,    7.8653765150E-01,                  NaN
    2.5976562500E-01,   -5.9295502860E-01,   -5.8777505297E-02,    7.8653765150E-01,                  NaN
    2.6171875000E-01,   -5.9415927500E-01,   -5.9773630452E-02,    7.8653765150E-01,                  NaN
    2.6367187500E-01,   -5.9525565942E-01,   -6.0769758527E-02,    7.8653765150E-01,                  NaN
    2.6562500000E-01,   -5.9624810818E-01,   -6.1765753529E-02,    7.8653765150E-01,                  NaN
    2.6757812500E-01,   -5.9713950461E-01,   -6.2761396827E-02,    7.8653765150E-01,                  NaN
    2.6953125000E-01,   -5.9793169386E-01,   -6.3756383783E-02,    7.8653765150E-01,                  NaN
    2.7148437500E-01,   -5.9862552898E-01,   -6.4750324188E-02,    7.8653765150E-01,                  NaN
    2.7343750000E-01,   -5.9922095468E-01,   -6.5742746452E-02,    7.8653765150E-01,                  NaN
    2.7539062500E-01,   -5.9971712420E-01,   -6.6733105412E-02,    7.8653765150E-01,                  NaN
    2.7734375000E-01,   -6.0011254372E-01,   -6.7720793445E-02,    7.8653765150E-01,                  NaN
    2.7929687500E-01,   -6.0040523830E-01,   -6.8705154516E-02,    7.8653765150E-01,                  NaN
    2.8125000000E-01,   -6.0059293280E-01,   -6.9685500672E-02,    7.8653765150E-01,                  NaN
    2.8320312500E-01,   -6.0067324123E-01,   -7.0661130438E-02,    7.8653765150E-01,                  NaN
    2.8515625000E-01,   -6.0064385793E-01,   -7.1631348493E-02,    7.8653765150E-01,                  NaN
    2.8710937500E-01,   -6.0050274429E-01,   -7.2595486021E-02,    7.8653765150E-01,                  NaN
    2.8906250000E-01,   -6.0024830514E-01,   -7.3552921058E-02,    7.8653765150E-01,                  NaN
    2.9101562500E-01,   -5.9987954952E-01,   -7.4503098221E-02,    7.8653765150E-01,                  NaN
    2.9296875000E-01,   -5.9939623124E-01,   -7.5445547194E-02,    7.8653765150E-01,                  NaN
    2.9492187500E-01,   -5.9879896556E-01,   -7.6379899419E-02,    7.8653765150E-01,                  NaN
    2.9687500000E-01,   -5.9808931893E-01,   -7.7305902476E-02,    7.8653765150E-01,                  NaN
    2.9882812500E-01,   -5.9726987000E-01,   -7.8223431753E-02,    7.8653765150E-01,                  NaN
    3.0078125000E-01,   -5.9634424080E-01,   -7.9132499034E-02,    7.8653765150E-01,                  NaN
    3.0273437500E-01,   -5.9531709805E-01,   -8.0033257810E-02,    7.8653765150E-01,                  NaN
    3.0468750000E-01,   -5.9419412542E-01,   -8.0926005150E-02,    7.8653765150E-01,                  NaN
    3.0664062500E-01,   -5.9298196847E-01,   -8.1811180122E-02,    7.8653765150E-01,                  NaN
    3.0859375000E-01,   -5.9168815463E-01,   -8.2689358847E-02,    7.8653765150E-01,                  NaN
    3.1054687500E-01,   -5.9032099161E-01,   -8.3561246382E-02,    7.8653765150E-01,                  NaN
    3.1250000000E-01,   -5.8888944768E-01,   -8.4427665721E-02,    7.8653765150E-01,                  NaN
    3.1445312500E-01,   -5.8740301816E-01,   -8.5289544290E-02,    7.8653765150E-01,                  NaN
    3.1640625000E-01,   -5.8587158245E-01,   -8.6147898393E-02,    7.8653765150E-01,                  NaN
    3.1835937500E-01,   -5.8430525618E-01,   -8.7003816118E-02,    7.8653765150E-01,                  NaN
    3.2031250000E-01,   -5.8271424313E-01,   -8.7858439279E-02,    7.8653765150E-01,                  NaN
    3.2226562500E-01,   -5.8110869119E-01,   -8.8712944957E-02,    7.8653765150E-01,                  NaN
    3.2421875000E-01,   -5.7949855661E-01,   -8.9568527238E-02,    7.8653765150E-01,                  NaN
    3.2617187500E-01,   -5.7789348014E-01,   -9.0426379714E-02,    7.8653765150E-01,                  NaN
    3.2812500000E-01,   -5.7630267833E-01,   -9.1287679296E-02,    7.8653765150E-01,                  NaN
    3.3007812500E-01,   -5.7473485243E-01,   -9.2153571798E-02,    7.8653765150E-01,                  NaN
    3.3203125000E-01,   -5.7319811687E-01,   -9.3025159727E-02,    7.8653765150E-01,                  NaN
    3.3398437500E-01,   -5.7169994851E-01,   -9.3903492609E-02,    7.8653765150E-01,                  NaN
    3.3593750000E-01,   -5.7024715692E-01,   -9.4789560072E-02,    7.8653765150E-01,                  NaN
    3.3789062500E-01,   -5.6884587566E-01,   -9.5684287862E-02,    7.8653765150E-01,                  NaN
    3.3984375000E-01,   -5.6750157348E-01,   -9.6588536786E-02,    7.8653765150E-01,                  NaN
    3.4179687500E-01,   -5.6621908380E-01,   -9.7503104565E-02,    7.8653765150E-01,                  NaN
    3.4375000000E-01,   -5.6500265051E-01,   -9.8428730392E-02,    7.8653765150E-01,                  NaN
    3.4570312500E-01,   -5.6385598746E-01,   -9.9366101974E-02,    7.8653765150E-01,                  NaN
    3.4765625000E-01,   -5.6278234856E-01,   -1.0031586469E-01,    7.8653765150E-01,                  NaN
    3.4960937500E-01,   -5.6178460562E-01,   -1.0127863252E-01,    7.8653765150E-01,                  NaN
    3.5156250000E-01,   -5.6086533038E-01,   -1.0225500015E-01,    7.8653765150E-01,                  NaN
    3.5351562500E-01,   -5.6002687766E-01,   -1.0324555598E-01,    7.8653765150E-01,                  NaN
    3.5546875000E-01,   -5.5927146630E-01,   -1.0425089532E-01,    7.8653765150E-01,                  NaN
    3.5742187500E-01,   -5.5860125496E-01,   -1.0527163326E-01,    7.8653765150E-01,                  NaN
    3.5937500000E-01,   -5.5801841021E-01,   -1.0630841693E-01,    7.8653765150E-01,                  NaN
    3.6132812500E-01,   -5.5752516441E-01,   -1.0736193636E-01,    7.8653765150E-01,                  NaN
    3.6328125000E-01,   -5.5712386176E-01,   -1.0843293376E-01,    7.8653765150E-01,                  NaN
    3.6523437500E-01,   -5.5681699109E-01,   -1.0952221075E-01,    7.8653765150E-01,                  NaN
    3.6718750000E-01,   -5.5660720453E-01,   -1.1063063327E-01,    7.8653765150E-01,                  NaN
    3.6914062500E-01,   -5.5649732187E-01,   -1.1175913395E-01,    7.8653765150E-01,                  NaN
    3.7109375000E-01,   -5.5649032090E-01,   -1.1290871185E-01,    7.8653765150E-01,                  NaN
    3.7304687500E-01,   -5.5658931448E-01,   -1.1408042954E-01,    7.8653765150E-01,                  NaN
    3.7500000000E-01,   -5.5679751554E-01,   -1.1527540758E-01,    7.8653765150E-01,                  NaN
    3.7695312500E-01,   -5.5711819185E-01,   -1.1649481658E-01,    7.8653765150E-01,                  NaN
    3.7890625000E-01,   -5.5755461244E-01,   -1.1773986709E-01,    7.8653765150E-01,                  NaN
    3.8085937500E-01,   -5.5810998799E-01,   -1.1901179761E-01,    7.8653765150E-01,                  NaN
    3.8281250000E-01,   -5.5878740769E-01,   -1.2031186121E-01,    7.8653765150E-01,                  NaN
    3.8476562500E-01,   -5.5958977513E-01,   -1.2164131103E-01,    7.8653765150E-01,                  NaN
    3.8671875000E-01,   -5.6051974561E-01,   -1.2300138536E-01,    7.8653765150E-01,                  NaN
    3.8867187500E-01,   -5.6157966760E-01,   -1.2439329258E-01,    7.8653765150E-01,                  NaN
    3.9062500000E-01,   -5.6277153018E-01,   -1.2581819658E-01,    7.8653765150E-01,                  NaN
    3.9257812500E-01,   -5.6409691873E-01,   -1.2727720314E-01,    7.8653765150E-01,                  NaN
    3.9453125000E-01,   -5.6555698032E-01,   -1.2877134757E-01,    7.8653765150E-01,                  NaN
    3.9648437500E-01,   -5.6715240000E-01,   -1.3030158420E-01,    7.8653765150E-01,                  NaN
    3.9843750000E-01,   -5.6888338888E-01,   -1.3186877787E-01,    7.8653765150E-01,                  NaN
    4.0039062500E-01,   -5.7074968404E-01,   -1.3347369773E-01,    7.8653765150E-01,                  NaN
    4.0234375000E-01,   -5.7275056046E-01,   -1.3511701350E-01,    7.8653765150E-01,                  NaN
    4.0429687500E-01,   -5.7488485403E-01,   -1.3679929427E-01,    7.8653765150E-01,                  NaN
    4.0625000000E-01,   -5.7715099485E-01,   -1.3852100977E-01,    7.8653765150E-01,                  NaN
    4.0820312500E-01,   -5.7954704933E-01,   -1.4028253400E-01,    7.8653765150E-01,                  NaN
    4.1015625000E-01,   -5.8207076934E-01,   -1.4208415106E-01,    7.8653765150E-01,                  NaN
    4.1210937500E-01,   -5.8471964666E-01,   -1.4392606284E-01,    7.8653765150E-01,                  NaN
    4.1406250000E-01,   -5.8749097047E-01,   -1.4580839826E-01,    7.8653765150E-01,                  NaN
    4.1601562500E-01,   -5.9038188576E-01,   -1.4773122364E-01,    7.8653765150E-01,                  NaN
    4.1796875000E-01,   -5.9338945064E-01,   -1.4969455380E-01,    7.8653765150E-01,                  NaN
    4.1992187500E-01,   -5.9651069037E-01,   -1.5169836340E-01,    7.8653765150E-01,                  NaN
    4.2187500000E-01,   -5.9974264625E-01,   -1.5374259806E-01,    7.8653765150E-01,                  NaN
    4.2382812500E-01,   -6.0308241778E-01,   -1.5582718489E-01,    7.8653765150E-01,                  NaN
    4.2578125000E-01,   -6.0652719670E-01,   -1.5795204197E-01,    7.8653765150E-01,                  NaN
    4.2773437500E-01,   -6.1007429196E-01,   -1.6011708641E-01,    7.8653765150E-01,                  NaN
    4.2968750000E-01,   -6.1372114492E-01,   -1.6232224069E-01,    7.8653765150E-01,                  NaN
    4.3164062500E-01,   -6.1746533447E-01,   -1.6456743718E-01,    7.8653765150E-01,                  NaN
    4.3359375000E-01,   -6.2130457217E-01,   -1.6685262039E-01,    7.8653765150E-01,                  NaN
    4.3554687500E-01,   -6.2523668790E-01,   -1.6917774720E-01,    7.8653765150E-01,                  NaN
    4.3750000000E-01,   -6.2925960686E-01,   -1.7154278483E-01,    7.8653765150E-01,                  NaN
    4.3945312500E-01,   -6.3337131908E-01,   -1.7394770677E-01,    7.8653765150E-01,                  NaN
    4.4140625000E-01,   -6.3756984257E-01,   -1.7639248678E-01,    7.8653765150E-01,                  NaN
    4.4335937500E-01,   -6.4185318185E-01,   -1.7887709115E-01,    7.8653765150E-01,                  NaN
    4.4531250000E-01,   -6.4621928283E-01,   -1.8140146947E-01,    7.8653765150E-01,                  NaN
    4.4726562500E-01,   -6.5066598597E-01,   -1.8396554426E-01,    7.8653765150E-01,                  NaN
    4.4921875000E-01,   -6.5519097992E-01,   -1.8656919971E-01,    7.8653765150E-01,                  NaN
    4.5117187500E-01,   -6.5979175700E-01,   -1.8921227022E-01,    7.8653765150E-01,                  NaN
    4.5312500000E-01,   -6.6446557184E-01,   -1.9189452861E-01,    7.8653765150E-01,                  NaN
    4.5507812500E-01,   -6.6920940411E-01,   -1.9461567472E-01,    7.8653765150E-01,                  NaN
    4.5703125000E-01,   -6.7401992691E-01,   -1.9737532455E-01,    7.8653765150E-01,                  NaN
    4.5898437500E-01,   -6.7889348179E-01,   -2.0017300032E-01,    7.8653765150E-01,                  NaN
    4.6093750000E-01,   -6.8382606084E-01,   -2.0300812171E-01,    7.8653765150E-01,                  NaN
    4.6289062500E-01,   -6.8881329616E-01,   -2.0587999850E-01,    7.8653765150E-01,                  NaN
    4.6484375000E-01,   -6.9385045687E-01,   -2.0878782473E-01,    7.8653765150E-01,                  NaN
    4.6679687500E-01,   -6.9893245352E-01,   -2.1173067453E-01,    7.8653765150E-01,                  NaN
    4.6875000000E-01,   -7.0405384976E-01,   -2.1470749967E-01,    7.8653765150E-01,                  NaN
    4.7070312500E-01,   -7.0920888038E-01,   -2.1771712887E-01,    7.8653765150E-01,                  NaN
    4.7265625000E-01,   -7.1439147526E-01,   -2.2075826868E-01,    7.8653765150E-01,                  NaN
    4.7460937500E-01,   -7.1959528826E-01,   -2.2382950609E-01,    7.8653765150E-01,                  NaN
    4.7656250000E-01,   -7.2481373023E-01,   -2.2692931250E-01,    7.8653765150E-01,                  NaN
    4.7851562500E-01,   -7.3004000518E-01,   -2.3005604905E-01,    7.8653765150E-01,                  NaN
    4.8046875000E-01,   -7.3526714854E-01,   -2.3320797307E-01,    7.8653765150E-01,                  NaN
    4.8242187500E-01,   -7.4048806647E-01,   -2.3638324547E-01,    7.8653765150E-01,                  NaN
    4.8437500000E-01,   -7.4569557538E-01,   -2.3957993887E-01,    7.8653765150E-01,                  NaN
    4.8632812500E-01,   -7.5088244089E-01,   -2.4279604625E-01,    7.8653765150E-01,                  NaN
    4.8828125000E-01,   -7.5604141545E-01,   -2.4602948997E-01,    7.8653765150E-01,                  NaN
    4.9023437500E-01,   -7.6116527370E-01,   -2.4927813097E-01,    7.8653765150E-01,                  NaN
    4.9218750000E-01,   -7.6624684557E-01,   -2.5253977798E-01,    7.8653765150E-01,                  NaN
    4.9414062500E-01,   -7.7127904646E-01,   -2.5581219662E-01,    7.8653765150E-01,                  NaN
    4.9609375000E-01,   -7.7625490456E-01,   -2.5909311833E-01,    7.8653765150E-01,                  NaN
    4.9804687500E-01,   -7.8116758478E-01,   -2.6238024894E-01,    7.8653765150E-01,                  NaN
    5.0000000000E-01,   -7.8601040963E-01,   -2.6567127687E-01,    7.8653765150E-01,                  NaN
    5.0195312500E-01,   -7.9077687697E-01,   -2.6896388098E-01,    7.8653765150E-01,                  NaN
    5.0390625000E-01,   -7.9546067485E-01,   -2.7225573795E-01,    7.8653765150E-01,                  NaN
    5.0585937500E-01,   -8.0005569377E-01,   -2.7554452925E-01,    7.8653765150E-01,                  NaN
    5.0781250000E-01,   -8.0455603655E-01,   -2.7882794769E-01,    7.8653765150E-01,                  NaN
    5.0976562500E-01,   -8.0895602623E-01,   -2.8210370359E-01,    7.8653765150E-01,                  NaN
    5.1171875000E-01,   -8.1325021228E-01,   -2.8536953069E-01,    7.8653765150E-01,                  NaN
    5.1367187500E-01,   -8.1743337559E-01,   -2.8862319160E-01,    7.8653765150E-01,                  NaN
    5.1562500000E-01,   -8.2150053242E-01,   -2.9186248319E-01,    7.8653765150E-01,                  NaN
    5.1757812500E-01,   -8.2544693767E-01,   -2.9508524158E-01,    7.8653765150E-01,                  NaN
    5.1953125000E-01,   -8.2926808772E-01,   -2.9828934705E-01,    7.8653765150E-01,                  NaN
    5.2148437500E-01,   -8.3295972298E-01,   -3.0147272871E-01,    7.8653765150E-01,                  NaN
    5.2343750000E-01,   -8.3651783033E-01,   -3.0463336904E-01,    7.8653765150E-01,                  NaN
    5.2539062500E-01,   -8.3993864536E-01,   -3.0776930814E-01,    7.8653765150E-01,                  NaN
    5.2734375000E-01,   -8.4321865481E-01,   -3.1087864790E-01,    7.8653765150E-01,                  NaN
    5.2929687500E-01,   -8.4635459866E-01,   -3.1395955585E-01,    7.8653765150E-01,                  NaN
    5.3125000000E-01,   -8.4934347222E-01,   -3.1701026884E-01,    7.8653765150E-01,                  NaN
    5.3320312500E-01,   -8.5218252805E-01,   -3.2002909635E-01,    7.8653765150E-01,                  NaN
    5.3515625000E-01,   -8.5486927749E-01,   -3.2301442345E-01,    7.8653765150E-01,                  NaN
    5.3710937500E-01,   -8.5740149163E-01,   -3.2596471339E-01,    7.8653765150E-01,                  NaN
    5.3906250000E-01,   -8.5977720168E-01,   -3.2887850965E-01,    7.8653765150E-01,                  NaN
    5.4101562500E-01,   -8.6199469842E-01,   -3.3175443759E-01,    7.8653765150E-01,                  NaN
    5.4296875000E-01,   -8.6405253079E-01,   -3.3459120541E-01,    7.8653765150E-01,                  NaN
    5.4492187500E-01,   -8.6594950334E-01,   -3.3738760469E-01,    7.8653765150E-01,                  NaN
    5.4687500000E-01,   -8.6768467249E-01,   -3.4014251020E-01,    7.8653765150E-01,                  NaN
    5.4882812500E-01,   -8.6925734163E-01,   -3.4285487919E-01,    7.8653765150E-01,                  NaN
    5.5078125000E-01,   -8.7066705499E-01,   -3.4552375002E-01,    7.8653765150E-01,                  NaN
    5.5273437500E-01,   -8.7191359035E-01,   -3.4814824037E-01,    7.8653765150E-01,                  NaN
    5.5468750000E-01,   -8.7299695053E-01,   -3.5072754477E-01,    7.8653765150E-01,                  NaN
    5.5664062500E-01,   -8.7391735395E-01,   -3.5326093183E-01,    7.8653765150E-01,                  NaN
    5.5859375000E-01,   -8.7467522424E-01,   -3.5574774094E-01,    7.8653765150E-01,                  NaN
    5.6054687500E-01,   -8.7527117916E-01,   -3.5818737879E-01,    7.8653765150E-01,                  NaN
    5.6250000000E-01,   -8.7570601889E-01,   -3.6057931558E-01,    7.8653765150E-01,                  NaN
    5.6445312500E-01,   -8.7598071417E-01,   -3.6292308113E-01,    7.8653765150E-01,                  NaN
    5.6640625000E-01,   -8.7609639436E-01,   -3.6521826098E-01,    7.8653765150E-01,                  NaN
    5.6835937500E-01,   -8.7605433544E-01,   -3.6746449268E-01,    7.8653765150E-01,                  NaN
    5.7031250000E-01,   -8.7585594869E-01,   -3.6966146228E-01,    7.8653765150E-01,                  NaN
    5.7226562500E-01,   -8.7550277039E-01,   -3.7180890113E-01,    7.8653765150E-01,                  NaN
    5.7421875000E-01,   -8.7499645129E-01,   -3.7390658305E-01,    7.8653765150E-01,                  NaN
    5.7617187500E-01,   -8.7433874805E-01,   -3.7595432233E-01,    7.8653765150E-01,                  NaN
    5.7812500000E-01,   -8.7353151833E-01,   -3.7795197248E-01,    7.8653765150E-01,                  NaN
    5.8007812500E-01,   -8.7257671634E-01,   -3.7989942508E-01,    7.8653765150E-01,                  NaN
    5.8203125000E-01,   -8.7147638661E-01,   -3.8179660865E-01,    7.8653765150E-01,                  NaN
    5.8398437500E-01,   -8.7023265795E-01,   -3.8364348830E-01,    7.8653765150E-01,                  NaN
    5.8593750000E-01,   -8.6884774009E-01,   -3.8544006669E-01,    7.8653765150E-01,                  NaN
    5.8789062500E-01,   -8.6732392384E-01,   -3.8718638634E-01,    7.8653765150E-01,                  NaN
    5.8984375000E-01,   -8.6566358428E-01,   -3.8888253300E-01,    7.8653765150E-01,                  NaN
    5.9179687500E-01,   -8.6386918684E-01,   -3.9052863997E-01,    7.8653765150E-01,                  NaN
    5.9375000000E-01,   -8.6194329552E-01,   -3.9212489286E-01,    7.8653765150E-01,                  NaN
    5.9570312500E-01,   -8.5988858098E-01,   -3.9367153439E-01,    7.8653765150E-01,                  NaN
    5.9765625000E-01,   -8.5770782940E-01,   -3.9516886946E-01,    7.8653765150E-01,                  NaN
    5.9960937500E-01,   -8.5540395484E-01,   -3.9661727066E-01,    7.8653765150E-01,                  NaN
    6.0156250000E-01,   -8.5298001268E-01,   -3.9801718372E-01,    7.8653765150E-01,                  NaN
    6.0351562500E-01,   -8.5043920819E-01,   -3.9936913198E-01,    7.8653765150E-01,                  NaN
    6.0546875000E-01,   -8.4778490086E-01,   -4.0067371983E-01,    7.8653765150E-01,                  NaN
    6.0742187500E-01,   -8.4502060881E-01,   -4.0193163651E-01,    7.8653765150E-01,                  NaN
    6.0937500000E-01,   -8.4215001475E-01,   -4.0314366129E-01,    7.8653765150E-01,                  NaN
    6.1132812500E-01,   -8.3917697364E-01,   -4.0431066954E-01,    7.8653765150E-01,                  NaN
    6.1328125000E-01,   -8.3610552075E-01,   -4.0543363773E-01,    7.8653765150E-01,                  NaN
    6.1523437500E-01,   -8.3293987876E-01,   -4.0651364721E-01,    7.8653765150E-01,                  NaN
    6.1718750000E-01,   -8.2968446295E-01,   -4.0755188747E-01,    7.8653765150E-01,                  NaN
    6.1914062500E-01,   -8.2634388514E-01,   -4.0854965958E-01,    7.8653765150E-01,                  NaN
    6.2109375000E-01,   -8.2292295716E-01,   -4.0950837908E-01,    7.8653765150E-01,                  NaN
    6.2304687500E-01,   -8.1942669301E-01,   -4.1042957748E-01,    7.8653765150E-01,                  NaN
    6.2500000000E-01,   -8.1586030858E-01,   -4.1131490304E-01,    7.8653765150E-01,                  NaN
    6.2695312500E-01,   -8.1222921987E-01,   -4.1216612113E-01,    7.8653765150E-01,                  NaN
    6.2890625000E-01,   -8.0853904201E-01,   -4.1298511443E-01,    7.8653765150E-01,                  NaN
    6.3085937500E-01,   -8.0479558726E-01,   -4.1377388233E-01,    7.8653765150E-01,                  NaN
    6.3281250000E-01,   -8.0100485873E-01,   -4.1453453897E-01,    7.8653765150E-01,                  NaN
    6.3476562500E-01,   -7.9717304048E-01,   -4.1526931076E-01,    7.8653765150E-01,                  NaN
    6.3671875000E-01,   -7.9330648686E-01,   -4.1598053397E-01,    7.8653765150E-01,                  NaN
    6.3867187500E-01,   -7.8941171123E-01,   -4.1667065183E-01,    7.8653765150E-01,                  NaN
    6.4062500000E-01,   -7.8549537275E-01,   -4.1734221057E-01,    7.8653765150E-01,                  NaN
    6.4257812500E-01,   -7.8156426097E-01,   -4.1799785434E-01,    7.8653765150E-01,                  NaN
    6.4453125000E-01,   -7.7762527894E-01,   -4.1864031962E-01,    7.8653765150E-01,                  NaN
    6.4648437500E-01,   -7.7368542614E-01,   -4.1927242924E-01,    7.8653765150E-01,                  NaN
    6.4843750000E-01,   -7.6975178039E-01,   -4.1989708599E-01,    7.8653765150E-01,                  NaN
    6.5039062500E-01,   -7.6583147774E-01,   -4.2051726540E-01,    7.8653765150E-01,                  NaN
    6.5234375000E-01,   -7.6193169071E-01,   -4.2113600789E-01,    7.8653765150E-01,                  NaN
    6.5429687500E-01,   -7.5805960572E-01,   -4.2175641090E-01,    7.8653765150E-01,                  NaN
    6.5625000000E-01,   -7.5422239968E-01,   -4.2238162046E-01,    7.8653765150E-01,                  NaN
    6.5820312500E-01,   -7.5042721554E-01,   -4.2301482237E-01,    7.8653765150E-01,                  NaN
    6.6015625000E-01,   -7.4668113735E-01,   -4.2365923281E-01,    7.8653765150E-01,                  NaN
    6.6210937500E-01,   -7.4299116520E-01,   -4.2431808883E-01,    7.8653765150E-01,                  NaN
    6.6406250000E-01,   -7.3936419053E-01,   -4.2499463869E-01,    7.8653765150E-01,                  NaN
    6.6601562500E-01,   -7.3580697146E-01,   -4.2569213184E-01,    7.8653765150E-01,                  NaN
    6.6796875000E-01,   -7.3232610843E-01,   -4.2641380857E-01,    7.8653765150E-01,                  NaN
    6.6992187500E-01,   -7.2892802012E-01,   -4.2716288944E-01,    7.8653765150E-01,                  NaN
    6.7187500000E-01,   -7.2561891986E-01,   -4.2794256450E-01,    7.8653765150E-01,                  NaN
    6.7382812500E-01,   -7.2240479278E-01,   -4.2875598239E-01,    7.8653765150E-01,                  NaN
    6.7578125000E-01,   -7.1929137406E-01,   -4.2960623949E-01,    7.8653765150E-01,                  NaN
    6.7773437500E-01,   -7.1628412849E-01,   -4.3049636911E-01,    7.8653765150E-01,                  NaN
    6.7968750000E-01,   -7.1338823174E-01,   -4.3142933099E-01,    7.8653765150E-01,                  NaN
    6.8164062500E-01,   -7.1060855342E-01,   -4.3240800098E-01,    7.8653765150E-01,                  NaN
    6.8359375000E-01,   -7.0794964221E-01,   -4.3343516139E-01,    7.8653765150E-01,                  NaN
    6.8554687500E-01,   -7.0541571358E-01,   -4.3451349177E-01,    7.8653765150E-01,                  NaN
    6.8750000000E-01,   -7.0301063942E-01,   -4.3564556032E-01,    7.8653765150E-01,                  NaN
    6.8945312500E-01,   -7.0073793904E-01,   -4.3683381541E-01,    7.8653765150E-01,                  NaN
    6.9140625000E-01,   -6.9860077351E-01,   -4.3808057784E-01,    7.8653765150E-01,                  NaN
    6.9335937500E-01,   -6.9660194415E-01,   -4.3938803516E-01,    7.8653765150E-01,                  NaN
    6.9531250000E-01,   -6.9474389127E-01,   -4.4075823631E-01,    7.8653765150E-01,                  NaN
    6.9726562500E-01,   -6.9302869308E-01,   -4.4219308614E-01,    7.8653765150E-01,                  NaN
    6.9921875000E-01,   -6.9145806841E-01,   -4.4369434112E-01,    7.8653765150E-01,                  NaN
    7.0117187500E-01,   -6.9003338378E-01,   -4.4526360670E-01,    7.8653765150E-01,                  NaN
    7.0312500000E-01,   -6.8875565915E-01,   -4.4690233471E-01,    7.8653765150E-01,                  NaN
    7.0507812500E-01,   -6.8762557589E-01,   -4.4861182229E-01,    7.8653765150E-01,                  NaN
    7.0703125000E-01,   -6.8664347606E-01,   -4.5039320546E-01,    7.8653765150E-01,                  NaN
    7.0898437500E-01,   -6.8580935791E-01,   -4.5224744928E-01,    7.8653765150E-01,                  NaN
    7.1093750000E-01,   -6.8512289917E-01,   -4.5417535169E-01,    7.8653765150E-01,                  NaN
    7.1289062500E-01,   -6.8458350681E-01,   -4.5617756435E-01,    7.8653765150E-01,                  NaN
    7.1484375000E-01,   -6.8419034283E-01,   -4.5825460304E-01,    7.8653765150E-01,                  NaN
    7.1679687500E-01,   -6.8394230088E-01,   -4.6040683068E-01,    7.8653765150E-01,                  NaN
    7.1875000000E-01,   -6.8383794035E-01,   -4.6263441164E-01,    7.8653765150E-01,                  NaN
    7.2070312500E-01,   -6.8387539954E-01,   -4.6493724547E-01,    7.8653765150E-01,                  NaN
    7.2265625000E-01,   -6.8405241457E-01,   -4.6731497018E-01,    7.8653765150E-01,                  NaN
    7.2460937500E-01,   -6.8436661537E-01,   -4.6976715303E-01,    7.8653765150E-01,                  NaN
    7.2656250000E-01,   -6.8481584569E-01,   -4.7229349075E-01,    7.8653765150E-01,                  NaN
    7.2851562500E-01,   -6.8539801991E-01,   -4.7489370818E-01,    7.8653765150E-01,                  NaN
    7.3046875000E-01,   -6.8611072344E-01,   -4.7756729530E-01,    7.8653765150E-01,                  NaN
    7.3242187500E-01,   -6.8695105937E-01,   -4.8031340681E-01,    7.8653765150E-01,                  NaN
    7.3437500000E-01,   -6.8791578638E-01,   -4.8313095168E-01,    7.8653765150E-01,                  NaN
    7.3632812500E-01,   -6.8900147682E-01,   -4.8601869045E-01,    7.8653765150E-01,                  NaN
    7.3828125000E-01,   -6.9020454836E-01,   -4.8897524839E-01,    7.8653765150E-01,                  NaN
    7.4023437500E-01,   -6.9152122595E-01,   -4.9199908608E-01,    7.8653765150E-01,                  NaN
    7.4218750000E-01,   -6.9294753923E-01,   -4.9508849977E-01,    7.8653765150E-01,                  NaN
    7.4414062500E-01,   -6.9447939517E-01,   -4.9824167383E-01,    7.8653765150E-01,                  NaN
    7.4609375000E-01,   -6.9611267970E-01,   -5.0145676051E-01,    7.8653765150E-01,                  NaN
    7.4804687500E-01,   -6.9784331361E-01,   -5.0473192617E-01,    7.8653765150E-01,                  NaN
    7.5000000000E-01,   -6.9966723370E-01,   -5.0806534059E-01,    7.8653765150E-01,                  NaN
    7.5195312500E-01,   -7.0158033267E-01,   -5.1145513344E-01,    7.8653765150E-01,                  NaN
    7.5390625000E-01,   -7.0357841160E-01,   -5.1489935614E-01,    7.8653765150E-01,                  NaN
    7.5585937500E-01,   -7.0565716849E-01,   -5.1839596755E-01,    7.8653765150E-01,                  NaN
    7.5781250000E-01,   -7.0781221126E-01,   -5.2194283862E-01,    7.8653765150E-01,                  NaN
    7.5976562500E-01,   -7.1003907747E-01,   -5.2553776714E-01,    7.8653765150E-01,                  NaN
    7.6171875000E-01,   -7.1233325391E-01,   -5.2917849687E-01,    7.8653765150E-01,                  NaN
    7.6367187500E-01,   -7.1469019281E-01,   -5.3286273726E-01,    7.8653765150E-01,                  NaN
    7.6562500000E-01,   -7.1710532280E-01,   -5.3658817696E-01,    7.8653765150E-01,                  NaN
    7.6757812500E-01,   -7.1957405325E-01,   -5.4035248471E-01,    7.8653765150E-01,                  NaN
    7.6953125000E-01,   -7.2209173538E-01,   -5.4415329866E-01,    7.8653765150E-01,                  NaN
    7.7148437500E-01,   -7.2465362250E-01,   -5.4798823105E-01,    7.8653765150E-01,                  NaN
    7.7343750000E-01,   -7.2725489789E-01,   -5.5185487006E-01,    7.8653765150E-01,                  NaN
    7.7539062500E-01,   -7.2989069928E-01,   -5.5575073233E-01,    7.8653765150E-01,                  NaN
    7.7734375000E-01,   -7.3255607583E-01,   -5.5967318493E-01,    7.8653765150E-01,                  NaN
    7.7929687500E-01,   -7.3524594621E-01,   -5.6361942324E-01,    7.8653765150E-01,                  NaN
    7.8125000000E-01,   -7.3795508762E-01,   -5.6758651598E-01,    7.8653765150E-01,                  NaN
    7.8320312500E-01,   -7.4067816396E-01,   -5.7157146717E-01,    7.8653765150E-01,                  NaN
    7.8515625000E-01,   -7.4340980929E-01,   -5.7557126926E-01,    7.8653765150E-01,                  NaN
    7.8710937500E-01,   -7.4614471320E-01,   -5.7958293868E-01,    7.8653765150E-01,                  NaN
    7.8906250000E-01,   -7.4887760631E-01,   -5.8360351132E-01,    7.8653765150E-01,                  NaN
    7.9101562500E-01,   -7.5160312827E-01,   -5.8762998638E-01,    7.8653765150E-01,                  NaN
    7.9296875000E-01,   -7.5431568270E-01,   -5.9165924898E-01,    7.8653765150E-01,                  NaN
    7.9492187500E-01,   -7.5700939918E-01,   -5.9568802870E-01,    7.8653765150E-01,                  NaN
    7.9687500000E-01,   -7.5967823748E-01,   -5.9971293058E-01,    7.8653765150E-01,                  NaN
    7.9882812500E-01,   -7.6231616599E-01,   -6.0373051798E-01,    7.8653765150E-01,                  NaN
    8.0078125000E-01,   -7.6491730634E-01,   -6.0773739700E-01,    7.8653765150E-01,                  NaN
    8.0273437500E-01,   -7.6747598634E-01,   -6.1173027115E-01,    7.8653765150E-01,                  NaN
    8.0468750000E-01,   -7.6998671842E-01,   -6.1570596681E-01,    7.8653765150E-01,                  NaN
    8.0664062500E-01,   -7.7244414756E-01,   -6.1966144085E-01,    7.8653765150E-01,                  NaN
    8.0859375000E-01,   -7.7484299186E-01,   -6.2359377458E-01,    7.8653765150E-01,                  NaN
    8.1054687500E-01,   -7.7717798528E-01,   -6.2750015641E-01,    7.8653765150E-01,                  NaN
    8.1250000000E-01,   -7.7944383512E-01,   -6.3137786257E-01,    7.8653765150E-01,                  NaN
    8.1445312500E-01,   -7.8163521274E-01,   -6.3522424587E-01,    7.8653765150E-01,                  NaN
    8.1640625000E-01,   -7.8374678269E-01,   -6.3903673881E-01,    7.8653765150E-01,                  NaN
    8.1835937500E-01,   -7.8577325205E-01,   -6.4281286645E-01,    7.8653765150E-01,                  NaN
    8.2031250000E-01,   -7.8770941173E-01,   -6.4655025836E-01,    7.8653765150E-01,                  NaN
    8.2226562500E-01,   -7.8955015585E-01,   -6.5024665355E-01,    7.8653765150E-01,                  NaN
    8.2421875000E-01,   -7.9129048547E-01,   -6.5389989977E-01,    7.8653765150E-01,                  NaN
    8.2617187500E-01,   -7.9292550892E-01,   -6.5750794998E-01,    7.8653765150E-01,                  NaN
    8.2812500000E-01,   -7.9445044442E-01,   -6.6106885669E-01,    7.8653765150E-01,                  NaN
    8.3007812500E-01,   -7.9586062594E-01,   -6.6458076436E-01,    7.8653765150E-01,                  NaN
    8.3203125000E-01,   -7.9715151448E-01,   -6.6804190207E-01,    7.8653765150E-01,                  NaN
    8.3398437500E-01,   -7.9831871842E-01,   -6.7145057874E-01,    7.8653765150E-01,                  NaN
    8.3593750000E-01,   -7.9935802076E-01,   -6.7480518021E-01,    7.8653765150E-01,                  NaN
    8.3789062500E-01,   -8.0026540641E-01,   -6.7810416525E-01,    7.8653765150E-01,                  NaN
    8.3984375000E-01,   -8.0103708297E-01,   -6.8134605858E-01,    7.8653765150E-01,                  NaN
    8.4179687500E-01,   -8.0166949391E-01,   -6.8452944140E-01,    7.8653765150E-01,                  NaN
    8.4375000000E-01,   -8.0215932784E-01,   -6.8765294193E-01,    7.8653765150E-01,                  NaN
    8.4570312500E-01,   -8.0250352848E-01,   -6.9071522930E-01,    7.8653765150E-01,                  NaN
    8.4765625000E-01,   -8.0269930863E-01,   -6.9371501375E-01,    7.8653765150E-01,                  NaN
    8.4960937500E-01,   -8.0274416973E-01,   -6.9665105516E-01,    7.8653765150E-01,                  NaN
    8.5156250000E-01,   -8.0263592887E-01,   -6.9952218083E-01,    7.8653765150E-01,                  NaN
    8.5351562500E-01,   -8.0237275484E-01,   -7.0232731230E-01,    7.8653765150E-01,                  NaN
    8.5546875000E-01,   -8.0195320883E-01,   -7.0506549707E-01,    7.8653765150E-01,                  NaN
    8.5742187500E-01,   -8.0137627994E-01,   -7.0773593618E-01,    7.8653765150E-01,                  NaN
    8.5937500000E-01,   -8.0064140955E-01,   -7.1033800122E-01,    7.8653765150E-01,                  NaN
    8.6132812500E-01,   -7.9974850526E-01,   -7.1287123939E-01,    7.8653765150E-01,                  NaN
    8.6328125000E-01,   -7.9869794577E-01,   -7.1533536625E-01,    7.8653765150E-01,                  NaN
    8.6523437500E-01,   -7.9749057170E-01,   -7.1773024360E-01,    7.8653765150E-01,                  NaN
    8.6718750000E-01,   -7.9612766061E-01,   -7.2005584364E-01,    7.8653765150E-01,                  NaN
    8.6914062500E-01,   -7.9461089435E-01,   -7.2231220864E-01,    7.8653765150E-01,                  NaN
    8.7109375000E-01,   -7.9294232877E-01,   -7.2449941528E-01,    7.8653765150E-01,                  NaN
    8.7304687500E-01,   -7.9112436878E-01,   -7.2661754509E-01,    7.8653765150E-01,                  NaN
    8.7500000000E-01,   -7.8915974889E-01,   -7.2866666187E-01,    7.8653765150E-01,                  NaN
    8.7695312500E-01,   -7.8705151981E-01,   -7.3064679937E-01,    7.8653765150E-01,                  NaN
    8.7890625000E-01,   -7.8480303858E-01,   -7.3255795788E-01,    7.8653765150E-01,                  NaN
    8.8085937500E-01,   -7.8241795411E-01,   -7.3440010489E-01,    7.8653765150E-01,                  NaN
    8.8281250000E-01,   -7.7990019085E-01,   -7.3617318065E-01,    7.8653765150E-01,                  NaN
    8.8476562500E-01,   -7.7725393867E-01,   -7.3787710478E-01,    7.8653765150E-01,                  NaN
    8.8671875000E-01,   -7.7448364422E-01,   -7.3951177905E-01,    7.8653765150E-01,                  NaN
    8.8867187500E-01,   -7.7159398672E-01,   -7.4107708008E-01,    7.8653765150E-01,                  NaN
    8.9062500000E-01,   -7.6858982238E-01,   -7.4257283594E-01,    7.8653765150E-01,                  NaN
    8.9257812500E-01,   -7.6547611041E-01,   -7.4399879717E-01,    7.8653765150E-01,                  NaN
    8.9453125000E-01,   -7.6225786012E-01,   -7.4535462042E-01,    7.8653765150E-01,                  NaN
    8.9648437500E-01,   -7.5894010973E-01,   -7.4663987610E-01,    7.8653765150E-01,                  NaN
    8.9843750000E-01,   -7.5552792690E-01,   -7.4785407770E-01,    7.8653765150E-01,                  NaN
    9.0039062500E-01,   -7.5202643762E-01,   -7.4899671040E-01,    7.8653765150E-01,                  NaN
    9.0234375000E-01,   -7.4844084596E-01,   -7.5006724178E-01,    7.8653765150E-01,                  NaN
    9.0429687500E-01,   -7.4477641515E-01,   -7.5106512295E-01,    7.8653765150E-01,                  NaN
    9.0625000000E-01,   -7.4103844528E-01,   -7.5198980041E-01,    7.8653765150E-01,                  NaN
    9.0820312500E-01,   -7.3723225278E-01,   -7.5284073745E-01,    7.8653765150E-01,                  NaN
    9.1015625000E-01,   -7.3336311721E-01,   -7.5361743288E-01,    7.8653765150E-01,                  NaN
    9.1210937500E-01,   -7.2943623192E-01,   -7.5431944004E-01,    7.8653765150E-01,                  NaN
    9.1406250000E-01,   -7.2545674085E-01,   -7.5494640867E-01,    7.8653765150E-01,                  NaN
    9.1601562500E-01,   -7.2142986713E-01,   -7.5549815286E-01,    7.8653765150E-01,                  NaN
    9.1796875000E-01,   -7.1736101907E-01,   -7.5597470720E-01,    7.8653765150E-01,                  NaN
    9.1992187500E-01,   -7.1325577185E-01,   -7.5637633810E-01,    7.8653765150E-01,                  NaN
    9.2187500000E-01,   -7.0911975438E-01,   -7.5670352700E-01,    7.8653765150E-01,                  NaN
    9.2382812500E-01,   -7.0495853541E-01,   -7.5695695854E-01,    7.8653765150E-01,                  NaN
    9.2578125000E-01,   -7.0077754268E-01,   -7.5713751388E-01,    7.8653765150E-01,                  NaN
    9.2773437500E-01,   -6.9658198950E-01,   -7.5724624672E-01,    7.8653765150E-01,                  NaN
    9.2968750000E-01,   -6.9237681393E-01,   -7.5728434495E-01,    7.8653765150E-01,                  NaN
    9.3164062500E-01,   -6.8816667880E-01,   -7.5725311238E-01,    7.8653765150E-01,                  NaN
    9.3359375000E-01,   -6.8395605125E-01,   -7.5715399300E-01,    7.8653765150E-01,                  NaN
    9.3554687500E-01,   -6.7974930951E-01,   -7.5698862031E-01,    7.8653765150E-01,                  NaN
    9.3750000000E-01,   -6.7555080750E-01,   -7.5675885492E-01,    7.8653765150E-01,                  NaN
    9.3945312500E-01,   -6.7136487683E-01,   -7.5646679556E-01,    7.8653765150E-01,                  NaN
    9.4140625000E-01,   -6.6719579829E-01,   -7.5611477402E-01,    7.8653765150E-01,                  NaN
    9.4335937500E-01,   -6.6304777540E-01,   -7.5570534820E-01,    7.8653765150E-01,                  NaN
    9.4531250000E-01,   -6.5892491313E-01,   -7.5524129329E-01,    7.8653765150E-01,                  NaN
    9.4726562500E-01,   -6.5483118958E-01,   -7.5472558457E-01,    7.8653765150E-01,                  NaN
    9.4921875000E-01,   -6.5077041964E-01,   -7.5416137181E-01,    7.8653765150E-01,                  NaN
    9.5117187500E-01,   -6.4674622393E-01,   -7.5355195544E-01,    7.8653765150E-01,                  NaN
    9.5312500000E-01,   -6.4276201532E-01,   -7.5290077263E-01,    7.8653765150E-01,                  NaN
    9.5507812500E-01,   -6.3882099943E-01,   -7.5221139100E-01,    7.8653765150E-01,                  NaN
    9.5703125000E-01,   -6.3492617837E-01,   -7.5148750303E-01,    7.8653765150E-01,                  NaN
    9.5898437500E-01,   -6.3108035227E-01,   -7.5073291671E-01,    7.8653765150E-01,                  NaN
    9.6093750000E-01,   -6.2728612066E-01,   -7.4995154324E-01,    7.8653765150E-01,                  NaN
    9.6289062500E-01,   -6.2354588715E-01,   -7.4914738417E-01,    7.8653765150E-01,                  NaN
    9.6484375000E-01,   -6.1986186714E-01,   -7.4832451884E-01,    7.8653765150E-01,                  NaN
    9.6679687500E-01,   -6.1623609524E-01,   -7.4748709081E-01,    7.8653765150E-01,                  NaN
    9.6875000000E-01,   -6.1267042918E-01,   -7.4663929280E-01,    7.8653765150E-01,                  NaN
    9.7070312500E-01,   -6.0916655031E-01,   -7.4578535054E-01,    7.8653765150E-01,                  NaN
    9.7265625000E-01,   -6.0572596148E-01,   -7.4492950652E-01,    7.8653765150E-01,                  NaN
    9.7460937500E-01,   -6.0234998243E-01,   -7.4407600371E-01,    7.8653765150E-01,                  NaN
    9.7656250000E-01,   -5.9903974187E-01,   -7.4322906880E-01,    7.8653765150E-01,                  NaN
    9.7851562500E-01,   -5.9579616609E-01,   -7.4239289410E-01,    7.8653765150E-01,                  NaN
    9.8046875000E-01,   -5.9261996434E-01,   -7.4157161833E-01,    7.8653765150E-01,                  NaN
    9.8242187500E-01,   -5.8951161239E-01,   -7.4076930679E-01,    7.8653765150E-01,                  NaN
    9.8437500000E-01,   -5.8647133550E-01,   -7.3998993202E-01,    7.8653765150E-01,                  NaN
    9.8632812500E-01,   -5.8349909179E-01,   -7.3923735562E-01,    7.8653765150E-01,                  NaN
    9.8828125000E-01,   -5.8059455690E-01,   -7.3851531163E-01,    7.8653765150E-01,                  NaN
    9.9023437500E-01,   -5.7775711120E-01,   -7.3782739176E-01,    7.8653765150E-01,                  NaN
    9.9218750000E-01,   -5.7498583069E-01,   -7.3717703322E-01,    7.8653765150E-01,                  NaN
    9.9414062500E-01,   -5.7227948265E-01,   -7.3656750937E-01,    7.8653765150E-01,                  NaN
    9.9609375000E-01,   -5.6963652731E-01,   -7.3600192345E-01,    7.8653765150E-01,                  NaN
    9.9804687500E-01,   -5.6705512619E-01,   -7.3548320533E-01,    7.8653765150E-01,                  NaN
    1.0000000000E+00,   -5.6453315717E-01,   -7.3501411101E-01,    7.8653765150E-01,                  NaN
                 NaN,   -5.9267397478E-01,   -3.0757510712E-01,    7.8653765150E-01,                  NaN
