                Time,             Y-Force,      Work integrand,                Mass,           Mass error
    0.0000000000E+00,    1.0492680380E-06,    0.0000000000E+00,    7.8540028075E-01,                  NaN
    1.9531250000E-03,   -5.9449898123E-05,   -6.6525788665E-10,    7.8540028075E-01,                  NaN
    3.9062500000E-03,   -2.2041786385E-04,   -8.5203971243E-09,    7.8540028075E-01,                  NaN
    5.8593750000E-03,   -4.8133387585E-04,   -3.8908115066E-08,    7.8540028075E-01,                  NaN
    7.8125000000E-03,   -8.4361957201E-04,   -1.1618239590E-07,    7.8540028075E-01,                  NaN
    9.7656250000E-03,   -1.3062630531E-03,   -2.7253350852E-07,    7.8540028075E-01,                  NaN
    1.1718750000E-02,   -1.8693258314E-03,   -5.4820823816E-07,    7.8540028075E-01,                  NaN
    1.3671875000E-02,   -2.5330363922E-03,   -9.9137906902E-07,    7.8540028075E-01,                  NaN
    1.5625000000E-02,   -3.2976641373E-03,   -1.6580365992E-06,    7.8540028075E-01,                  NaN
    1.7578125000E-02,   -4.1634993371E-03,   -2.6119303208E-06,    7.8540028075E-01,                  NaN
    1.9531250000E-02,   -5.1308731127E-03,   -3.9245331312E-06,    7.8540028075E-01,                  NaN
    2.1484375000E-02,   -6.2002144700E-03,   -5.6750571877E-06,    7.8540028075E-01,                  NaN
    2.3437500000E-02,   -7.3720446227E-03,   -7.9504803203E-06,    7.8540028075E-01,                  NaN
    2.5390625000E-02,   -8.6468849579E-03,   -1.0845504071E-05,    7.8540028075E-01,                  NaN
    2.7343750000E-02,   -1.0025190949E-02,   -1.4462454840E-05,    7.8540028075E-01,                  NaN
    2.9296875000E-02,   -1.1507337388E-02,   -1.8911155118E-05,    7.8540028075E-01,                  NaN
    3.1250000000E-02,   -1.3093580623E-02,   -2.4308730868E-05,    7.8540028075E-01,                  NaN
    3.3203125000E-02,   -1.4784082306E-02,   -3.0779532937E-05,    7.8540028075E-01,                  NaN
    3.5156250000E-02,   -1.6579090468E-02,   -3.8455488373E-05,    7.8540028075E-01,                  NaN
    3.7109375000E-02,   -1.8479033692E-02,   -4.7476556133E-05,    7.8540028075E-01,                  NaN
    3.9062500000E-02,   -2.0484342188E-02,   -5.7990510117E-05,    7.8540028075E-01,                  NaN
    4.1015625000E-02,   -2.2595356713E-02,   -7.0152287284E-05,    7.8540028075E-01,                  NaN
    4.2968750000E-02,   -2.4812566678E-02,   -8.4123925233E-05,    7.8540028075E-01,                  NaN
    4.4921875000E-02,   -2.7136667226E-02,   -1.0007485803E-04,    7.8540028075E-01,                  NaN
    4.6875000000E-02,   -2.9568096700E-02,   -1.1818147723E-04,    7.8540028075E-01,                  NaN
    4.8828125000E-02,   -3.2106709435E-02,   -1.3862649022E-04,    7.8540028075E-01,                  NaN
    5.0781250000E-02,   -3.4752170795E-02,   -1.6159947651E-04,    7.8540028075E-01,                  NaN
    5.2734375000E-02,   -3.7504528194E-02,   -1.8729793234E-04,    7.8540028075E-01,                  NaN
    5.4687500000E-02,   -4.0364211486E-02,   -2.1592701728E-04,    7.8540028075E-01,                  NaN
    5.6640625000E-02,   -4.3331694009E-02,   -2.4769856791E-04,    7.8540028075E-01,                  NaN
    5.8593750000E-02,   -4.6407395665E-02,   -2.8283119391E-04,    7.8540028075E-01,                  NaN
    6.0546875000E-02,   -4.9591715859E-02,   -3.2155079721E-04,    7.8540028076E-01,                  NaN
    6.2500000000E-02,   -5.2884820228E-02,   -3.6408948360E-04,    7.8540028075E-01,                  NaN
    6.4453125000E-02,   -5.6286416376E-02,   -4.1068369240E-04,    7.8540028076E-01,                  NaN
    6.6406250000E-02,   -5.9795997883E-02,   -4.6157453690E-04,    7.8540028076E-01,                  NaN
    6.8359375000E-02,   -6.3413381858E-02,   -5.1701052649E-04,    7.8540028076E-01,                  NaN
    7.0312500000E-02,   -6.7138875757E-02,   -5.7724914161E-04,    7.8540028076E-01,                  NaN
    7.2265625000E-02,   -7.0972866204E-02,   -6.4255496783E-04,    7.8540028076E-01,                  NaN
    7.4218750000E-02,   -7.4915340311E-02,   -7.1319652921E-04,    7.8540028076E-01,                  NaN
    7.6171875000E-02,   -7.8965859573E-02,   -7.8944536691E-04,    7.8540028076E-01,                  NaN
    7.8125000000E-02,   -8.3123915509E-02,   -8.7157780024E-04,    7.8540028076E-01,                  NaN
    8.0078125000E-02,   -8.7389218099E-02,   -9.5987669907E-04,    7.8540028076E-01,                  NaN
    8.2031250000E-02,   -9.1761661498E-02,   -1.0546311446E-03,    7.8540028076E-01,                  NaN
    8.3984375000E-02,   -9.6241101939E-02,   -1.1561346145E-03,    7.8540028076E-01,                  NaN
    8.5937500000E-02,   -1.0082721034E-01,   -1.2646837221E-03,    7.8540028076E-01,                  NaN
    8.7890625000E-02,   -1.0551949678E-01,   -1.3805784633E-03,    7.8540028076E-01,                  NaN
    8.9843750000E-02,   -1.1031741512E-01,   -1.5041232009E-03,    7.8540028076E-01,                  NaN
    9.1796875000E-02,   -1.1522042743E-01,   -1.6356271455E-03,    7.8540028076E-01,                  NaN
    9.3750000000E-02,   -1.2022799513E-01,   -1.7754038870E-03,    7.8540028076E-01,                  NaN
    9.5703125000E-02,   -1.2533953708E-01,   -1.9237703959E-03,    7.8540028076E-01,                  NaN
    9.7656250000E-02,   -1.3055439603E-01,   -2.0810460485E-03,    7.8540028076E-01,                  NaN
    9.9609375000E-02,   -1.3587182070E-01,   -2.2475518542E-03,    7.8540028076E-01,                  NaN
    1.0156250000E-01,   -1.4129095261E-01,   -2.4236097958E-03,    7.8540028076E-01,                  NaN
    1.0351562500E-01,   -1.4681081501E-01,   -2.6095422583E-03,    7.8540028076E-01,                  NaN
    1.0546875000E-01,   -1.5243031485E-01,   -2.8056717189E-03,    7.8540028076E-01,                  NaN
    1.0742187500E-01,   -1.5814826733E-01,   -3.0123208728E-03,    7.8540028076E-01,                  NaN
    1.0937500000E-01,   -1.6396343715E-01,   -3.2298131353E-03,    7.8540028076E-01,                  NaN
    1.1132812500E-01,   -1.6987457570E-01,   -3.4584731553E-03,    7.8540028076E-01,                  NaN
    1.1328125000E-01,   -1.7588043154E-01,   -3.6986268480E-03,    7.8540028076E-01,                  NaN
    1.1523437500E-01,   -1.8197972357E-01,   -3.9506006153E-03,    7.8540028076E-01,                  NaN
    1.1718750000E-01,   -1.8817108635E-01,   -4.2147198017E-03,    7.8540028076E-01,                  NaN
    1.1914062500E-01,   -1.9445301158E-01,   -4.4913068308E-03,    7.8540028076E-01,                  NaN
    1.2109375000E-01,   -2.0082381242E-01,   -4.7806796393E-03,    7.8540028076E-01,                  NaN
    1.2304687500E-01,   -2.0728162454E-01,   -5.0831508709E-03,    7.8540028076E-01,                  NaN
    1.2500000000E-01,   -2.1382443856E-01,   -5.3990278702E-03,    7.8540028076E-01,                  NaN
    1.2695312500E-01,   -2.2045014158E-01,   -5.7286130722E-03,    7.8540028076E-01,                  NaN
    1.2890625000E-01,   -2.2715654238E-01,   -6.0722041682E-03,    7.8540028076E-01,                  NaN
    1.3085937500E-01,   -2.3394136560E-01,   -6.4300935715E-03,    7.8540028076E-01,                  NaN
    1.3281250000E-01,   -2.4080221866E-01,   -6.8025671076E-03,    7.8540028076E-01,                  NaN
    1.3476562500E-01,   -2.4773654954E-01,   -7.1899022646E-03,    7.8540028076E-01,                  NaN
    1.3671875000E-01,   -2.5474161535E-01,   -7.5923665076E-03,    7.8540028076E-01,                  NaN
    1.3867187500E-01,   -2.6181447131E-01,   -8.0102160101E-03,    7.8540028076E-01,                  NaN
    1.4062500000E-01,   -2.6895197638E-01,   -8.4436948373E-03,    7.8540028076E-01,                  NaN
    1.4257812500E-01,   -2.7615080473E-01,   -8.8930343610E-03,    7.8540028076E-01,                  NaN
    1.4453125000E-01,   -2.8340745449E-01,   -9.3584526457E-03,    7.8540028076E-01,                  NaN
    1.4648437500E-01,   -2.9071825176E-01,   -9.8401536569E-03,    7.8540028076E-01,                  NaN
    1.4843750000E-01,   -2.9807934941E-01,   -1.0338326218E-02,    7.8540028076E-01,                  NaN
    1.5039062500E-01,   -3.0548671517E-01,   -1.0853142546E-02,    7.8540028076E-01,                  NaN
    1.5234375000E-01,   -3.1293609540E-01,   -1.1384755996E-02,    7.8540028076E-01,                  NaN
    1.5429687500E-01,   -3.2042294238E-01,   -1.1933297633E-02,    7.8540028076E-01,                  NaN
    1.5625000000E-01,   -3.2794230846E-01,   -1.2498871584E-02,    7.8540028076E-01,                  NaN
    1.5820312500E-01,   -3.3548873655E-01,   -1.3081549895E-02,    7.8540028076E-01,                  NaN
    1.6015625000E-01,   -3.4305619813E-01,   -1.3681368412E-02,    7.8540028076E-01,                  NaN
    1.6210937500E-01,   -3.5063812767E-01,   -1.4298325396E-02,    7.8540028076E-01,                  NaN
    1.6406250000E-01,   -3.5822756663E-01,   -1.4932383754E-02,    7.8540028076E-01,                  NaN
    1.6601562500E-01,   -3.6581736582E-01,   -1.5583475731E-02,    7.8540028076E-01,                  NaN
    1.6796875000E-01,   -3.7340032763E-01,   -1.6251506308E-02,    7.8540028076E-01,                  NaN
    1.6992187500E-01,   -3.8096913233E-01,   -1.6936349479E-02,    7.8540028076E-01,                  NaN
    1.7187500000E-01,   -3.8851591865E-01,   -1.7637831484E-02,    7.8540028076E-01,                  NaN
    1.7382812500E-01,   -3.9603148931E-01,   -1.8355697866E-02,    7.8540028076E-01,                  NaN
    1.7578125000E-01,   -4.0350426825E-01,   -1.9089566962E-02,    7.8540028076E-01,                  NaN
    1.7773437500E-01,   -4.1091930053E-01,   -1.9838879769E-02,    7.8540028076E-01,                  NaN
    1.7968750000E-01,   -4.1825768884E-01,   -2.0602862314E-02,    7.8540028076E-01,                  NaN
    1.8164062500E-01,   -4.2549684199E-01,   -2.1380518792E-02,    7.8540028076E-01,                  NaN
    1.8359375000E-01,   -4.3261174460E-01,   -2.2170669433E-02,    7.8540028076E-01,                  NaN
    1.8554687500E-01,   -4.3957717276E-01,   -2.2972036244E-02,    7.8540028076E-01,                  NaN
    1.8750000000E-01,   -4.4637046344E-01,   -2.3783365183E-02,    7.8540028076E-01,                  NaN
    1.8945312500E-01,   -4.5297421225E-01,   -2.4603559798E-02,    7.8540028076E-01,                  NaN
    1.9140625000E-01,   -4.5937822300E-01,   -2.5431794426E-02,    7.8540028076E-01,                  NaN
    1.9335937500E-01,   -4.6558020195E-01,   -2.6267578115E-02,    7.8540028076E-01,                  NaN
    1.9531250000E-01,   -4.7158503134E-01,   -2.7110753299E-02,    7.8540028076E-01,                  NaN
    1.9726562500E-01,   -4.7740285371E-01,   -2.7961431744E-02,    7.8540028076E-01,                  NaN
    1.9921875000E-01,   -4.8304650973E-01,   -2.8819887727E-02,    7.8540028076E-01,                  NaN
    2.0117187500E-01,   -4.8852899370E-01,   -2.9686438661E-02,    7.8540028076E-01,                  NaN
    2.0312500000E-01,   -4.9386149567E-01,   -3.0561343249E-02,    7.8540028076E-01,                  NaN
    2.0507812500E-01,   -4.9905234468E-01,   -3.1444737745E-02,    7.8540028076E-01,                  NaN
    2.0703125000E-01,   -5.0410686138E-01,   -3.2336616395E-02,    7.8540028076E-01,                  NaN
    2.0898437500E-01,   -5.0902788265E-01,   -3.3236848499E-02,    7.8540028076E-01,                  NaN
    2.1093750000E-01,   -5.1381660355E-01,   -3.4145216049E-02,    7.8540028076E-01,                  NaN
    2.1289062500E-01,   -5.1847340311E-01,   -3.5061454547E-02,    7.8540028076E-01,                  NaN
    2.1484375000E-01,   -5.2299843840E-01,   -3.5985284123E-02,    7.8540028076E-01,                  NaN
    2.1679687500E-01,   -5.2739193952E-01,   -3.6916425487E-02,    7.8540028076E-01,                  NaN
    2.1875000000E-01,   -5.3165425924E-01,   -3.7854602251E-02,    7.8540028076E-01,                  NaN
    2.2070312500E-01,   -5.3578579116E-01,   -3.8799535406E-02,    7.8540028076E-01,                  NaN
    2.2265625000E-01,   -5.3978686780E-01,   -3.9750936409E-02,    7.8540028076E-01,                  NaN
    2.2460937500E-01,   -5.4365770680E-01,   -4.0708503310E-02,    7.8540028076E-01,                  NaN
    2.2656250000E-01,   -5.4739841883E-01,   -4.1671921088E-02,    7.8540028076E-01,                  NaN
    2.2851562500E-01,   -5.5100905180E-01,   -4.2640864713E-02,    7.8540028076E-01,                  NaN
    2.3046875000E-01,   -5.5448963360E-01,   -4.3615002315E-02,    7.8540028076E-01,                  NaN
    2.3242187500E-01,   -5.5784018790E-01,   -4.4593996437E-02,    7.8540028076E-01,                  NaN
    2.3437500000E-01,   -5.6106072133E-01,   -4.5577502949E-02,    7.8540028076E-01,                  NaN
    2.3632812500E-01,   -5.6415119937E-01,   -4.6565168778E-02,    7.8540028076E-01,                  NaN
    2.3828125000E-01,   -5.6711153425E-01,   -4.7556630235E-02,    7.8540028076E-01,                  NaN
    2.4023437500E-01,   -5.6994159884E-01,   -4.8551513338E-02,    7.8540028076E-01,                  NaN
    2.4218750000E-01,   -5.7264126459E-01,   -4.9549436314E-02,    7.8540028076E-01,                  NaN
    2.4414062500E-01,   -5.7521044832E-01,   -5.0550013332E-02,    7.8540028076E-01,                  NaN
    2.4609375000E-01,   -5.7764914899E-01,   -5.1552857985E-02,    7.8540028076E-01,                  NaN
    2.4804687500E-01,   -5.7995746226E-01,   -5.2557585303E-02,    7.8540028076E-01,                  NaN
    2.5000000000E-01,   -5.8213557245E-01,   -5.3563811950E-02,    7.8540028076E-01,                  NaN
    2.5195312500E-01,   -5.8418373202E-01,   -5.4571155099E-02,    7.8540028076E-01,                  NaN
    2.5390625000E-01,   -5.8610224219E-01,   -5.5579231009E-02,    7.8540028076E-01,                  NaN
    2.5585937500E-01,   -5.8789144545E-01,   -5.6587654223E-02,    7.8540028076E-01,                  NaN
    2.5781250000E-01,   -5.8955173285E-01,   -5.7596037858E-02,    7.8540028076E-01,                  NaN
    2.5976562500E-01,   -5.9108356201E-01,   -5.8603994886E-02,    7.8540028076E-01,                  NaN
    2.6171875000E-01,   -5.9248747789E-01,   -5.9611139973E-02,    7.8540028076E-01,                  NaN
    2.6367187500E-01,   -5.9376412935E-01,   -6.0617091378E-02,    7.8540028076E-01,                  NaN
    2.6562500000E-01,   -5.9491427763E-01,   -6.1621472582E-02,    7.8540028076E-01,                  NaN
    2.6757812500E-01,   -5.9593879776E-01,   -6.2623913611E-02,    7.8540028076E-01,                  NaN
    2.6953125000E-01,   -5.9683867617E-01,   -6.3624052145E-02,    7.8540028076E-01,                  NaN
    2.7148437500E-01,   -5.9761500885E-01,   -6.4621534596E-02,    7.8540028076E-01,                  NaN
    2.7343750000E-01,   -5.9826900325E-01,   -6.5616017266E-02,    7.8540028076E-01,                  NaN
    2.7539062500E-01,   -5.9880198490E-01,   -6.6607167626E-02,    7.8540028076E-01,                  NaN
    2.7734375000E-01,   -5.9921540828E-01,   -6.7594665687E-02,    7.8540028076E-01,                  NaN
    2.7929687500E-01,   -5.9951086960E-01,   -6.8578205433E-02,    7.8540028076E-01,                  NaN
    2.8125000000E-01,   -5.9969011882E-01,   -6.9557496253E-02,    7.8540028076E-01,                  NaN
    2.8320312500E-01,   -5.9975506826E-01,   -7.0532264318E-02,    7.8540028076E-01,                  NaN
    2.8515625000E-01,   -5.9970779600E-01,   -7.1502253832E-02,    7.8540028076E-01,                  NaN
    2.8710937500E-01,   -5.9955054377E-01,   -7.2467228154E-02,    7.8540028076E-01,                  NaN
    2.8906250000E-01,   -5.9928571108E-01,   -7.3426970825E-02,    7.8540028076E-01,                  NaN
    2.9101562500E-01,   -5.9891584864E-01,   -7.4381286655E-02,    7.8540028076E-01,                  NaN
    2.9296875000E-01,   -5.9844365507E-01,   -7.5330003099E-02,    7.8540028076E-01,                  NaN
    2.9492187500E-01,   -5.9787197973E-01,   -7.6272972130E-02,    7.8540028076E-01,                  NaN
    2.9687500000E-01,   -5.9720383295E-01,   -7.7210072683E-02,    7.8540028076E-01,                  NaN
    2.9882812500E-01,   -5.9644240166E-01,   -7.8141213586E-02,    7.8540028076E-01,                  NaN
    3.0078125000E-01,   -5.9559106691E-01,   -7.9066336657E-02,    7.8540028076E-01,                  NaN
    3.0273437500E-01,   -5.9465341875E-01,   -7.9985419611E-02,    7.8540028076E-01,                  NaN
    3.0468750000E-01,   -5.9363326504E-01,   -8.0898478487E-02,    7.8540028076E-01,                  NaN
    3.0664062500E-01,   -5.9253463371E-01,   -8.1805569522E-02,    7.8540028076E-01,                  NaN
    3.0859375000E-01,   -5.9136177054E-01,   -8.2706790725E-02,    7.8540028076E-01,                  NaN
    3.1054687500E-01,   -5.9011913646E-01,   -8.3602283579E-02,    7.8540028076E-01,                  NaN
    3.1250000000E-01,   -5.8881140877E-01,   -8.4492235336E-02,    7.8540028076E-01,                  NaN
    3.1445312500E-01,   -5.8744348801E-01,   -8.5376882157E-02,    7.8540028076E-01,                  NaN
    3.1640625000E-01,   -5.8602050958E-01,   -8.6256512946E-02,    7.8540028076E-01,                  NaN
    3.1835937500E-01,   -5.8454785582E-01,   -8.7131473359E-02,    7.8540028076E-01,                  NaN
    3.2031250000E-01,   -5.8303116336E-01,   -8.8002169291E-02,    7.8540028076E-01,                  NaN
    3.2226562500E-01,   -5.8147632205E-01,   -8.8869069293E-02,    7.8540028076E-01,                  NaN
    3.2421875000E-01,   -5.7988946593E-01,   -8.9732705887E-02,    7.8540028076E-01,                  NaN
    3.2617187500E-01,   -5.7827696150E-01,   -9.0593676453E-02,    7.8540028076E-01,                  NaN
    3.2812500000E-01,   -5.7664540199E-01,   -9.1452644885E-02,    7.8540028076E-01,                  NaN
    3.3007812500E-01,   -5.7500161609E-01,   -9.2310345341E-02,    7.8540028076E-01,                  NaN
    3.3203125000E-01,   -5.7335269515E-01,   -9.3167588844E-02,    7.8540028076E-01,                  NaN
    3.3398437500E-01,   -5.7170603462E-01,   -9.4025272384E-02,    7.8540028076E-01,                  NaN
    3.3593750000E-01,   -5.7006937714E-01,   -9.4884388840E-02,    7.8540028076E-01,                  NaN
    3.3789062500E-01,   -5.6845083983E-01,   -9.5746035110E-02,    7.8540028076E-01,                  NaN
    3.3984375000E-01,   -5.6685890976E-01,   -9.6611415784E-02,    7.8540028076E-01,                  NaN
    3.4179687500E-01,   -5.6530240099E-01,   -9.7481840902E-02,    7.8540028076E-01,                  NaN
    3.4375000000E-01,   -5.6379038198E-01,   -9.8358718608E-02,    7.8540028076E-01,                  NaN
    3.4570312500E-01,   -5.6233209799E-01,   -9.9243546183E-02,    7.8540028076E-01,                  NaN
    3.4765625000E-01,   -5.6093692407E-01,   -1.0013790503E-01,    7.8540028076E-01,                  NaN
    3.4960937500E-01,   -5.5961438331E-01,   -1.0104346572E-01,    7.8540028076E-01,                  NaN
    3.5156250000E-01,   -5.5837424997E-01,   -1.0196200715E-01,    7.8540028076E-01,                  NaN
    3.5351562500E-01,   -5.5722672910E-01,   -1.0289544983E-01,    7.8540028076E-01,                  NaN
    3.5546875000E-01,   -5.5618266851E-01,   -1.0384589700E-01,    7.8540028076E-01,                  NaN
    3.5742187500E-01,   -5.5525372647E-01,   -1.0481567129E-01,    7.8540028076E-01,                  NaN
    3.5937500000E-01,   -5.5445239866E-01,   -1.0580733008E-01,    7.8540028076E-01,                  NaN
    3.6132812500E-01,   -5.5379181168E-01,   -1.0682364184E-01,    7.8540028076E-01,                  NaN
    3.6328125000E-01,   -5.5328522064E-01,   -1.0786750941E-01,    7.8540028076E-01,                  NaN
    3.6523437500E-01,   -5.5294520500E-01,   -1.0894183532E-01,    7.8540028076E-01,                  NaN
    3.6718750000E-01,   -5.5278262835E-01,   -1.1004933647E-01,    7.8540028076E-01,                  NaN
    3.6914062500E-01,   -5.5280550049E-01,   -1.1119232938E-01,    7.8540028076E-01,                  NaN
    3.7109375000E-01,   -5.5301793358E-01,   -1.1237251874E-01,    7.8540028076E-01,                  NaN
    3.7304687500E-01,   -5.5341940240E-01,   -1.1359082799E-01,    7.8540028076E-01,                  NaN
    3.7500000000E-01,   -5.5400449015E-01,   -1.1484730865E-01,    7.8540028076E-01,                  NaN
    3.7695312500E-01,   -5.5476322768E-01,   -1.1614115408E-01,    7.8540028076E-01,                  NaN
    3.7890625000E-01,   -5.5568202560E-01,   -1.1747082538E-01,    7.8540028076E-01,                  NaN
    3.8085937500E-01,   -5.5674508208E-01,   -1.1883427526E-01,    7.8540028076E-01,                  NaN
    3.8281250000E-01,   -5.5793604905E-01,   -1.2022923586E-01,    7.8540028076E-01,                  NaN
    3.8476562500E-01,   -5.5923968464E-01,   -1.2165352265E-01,    7.8540028076E-01,                  NaN
    3.8671875000E-01,   -5.6064322388E-01,   -1.2310530403E-01,    7.8540028076E-01,                  NaN
    3.8867187500E-01,   -5.6213726309E-01,   -1.2458329402E-01,    7.8540028076E-01,                  NaN
    3.9062500000E-01,   -5.6371606084E-01,   -1.2608684304E-01,    7.8540028076E-01,                  NaN
    3.9257812500E-01,   -5.6537728028E-01,   -1.2761592434E-01,    7.8540028076E-01,                  NaN
    3.9453125000E-01,   -5.6712130473E-01,   -1.2917103394E-01,    7.8540028076E-01,                  NaN
    3.9648437500E-01,   -5.6895032402E-01,   -1.3075303749E-01,    7.8540028076E-01,                  NaN
    3.9843750000E-01,   -5.7086740131E-01,   -1.3236300225E-01,    7.8540028076E-01,                  NaN
    4.0039062500E-01,   -5.7287569324E-01,   -1.3400204848E-01,    7.8540028076E-01,                  NaN
    4.0234375000E-01,   -5.7497792563E-01,   -1.3567124289E-01,    7.8540028076E-01,                  NaN
    4.0429687500E-01,   -5.7717614732E-01,   -1.3737154235E-01,    7.8540028076E-01,                  NaN
    4.0625000000E-01,   -5.7947171759E-01,   -1.3910378268E-01,    7.8540028076E-01,                  NaN
    4.0820312500E-01,   -5.8186544347E-01,   -1.4086869882E-01,    7.8540028076E-01,                  NaN
    4.1015625000E-01,   -5.8435777513E-01,   -1.4266695920E-01,    7.8540028076E-01,                  NaN
    4.1210937500E-01,   -5.8694898536E-01,   -1.4449919980E-01,    7.8540028076E-01,                  NaN
    4.1406250000E-01,   -5.8963929042E-01,   -1.4636604840E-01,    7.8540028076E-01,                  NaN
    4.1601562500E-01,   -5.9242890167E-01,   -1.4826813567E-01,    7.8540028076E-01,                  NaN
    4.1796875000E-01,   -5.9531802082E-01,   -1.5020609477E-01,    7.8540028076E-01,                  NaN
    4.1992187500E-01,   -5.9830680247E-01,   -1.5218055352E-01,    7.8540028076E-01,                  NaN
    4.2187500000E-01,   -6.0139530720E-01,   -1.5419212382E-01,    7.8540028076E-01,                  NaN
    4.2382812500E-01,   -6.0458346083E-01,   -1.5624139157E-01,    7.8540028076E-01,                  NaN
    4.2578125000E-01,   -6.0787102654E-01,   -1.5832890895E-01,    7.8540028076E-01,                  NaN
    4.2773437500E-01,   -6.1125758966E-01,   -1.6045518924E-01,    7.8540028076E-01,                  NaN
    4.2968750000E-01,   -6.1474255118E-01,   -1.6262070344E-01,    7.8540028076E-01,                  NaN
    4.3164062500E-01,   -6.1832512623E-01,   -1.6482587807E-01,    7.8540028076E-01,                  NaN
    4.3359375000E-01,   -6.2200434456E-01,   -1.6707109334E-01,    7.8540028076E-01,                  NaN
    4.3554687500E-01,   -6.2577905210E-01,   -1.6935668144E-01,    7.8540028076E-01,                  NaN
    4.3750000000E-01,   -6.2964791263E-01,   -1.7168292460E-01,    7.8540028076E-01,                  NaN
    4.3945312500E-01,   -6.3360940927E-01,   -1.7405005304E-01,    7.8540028076E-01,                  NaN
    4.4140625000E-01,   -6.3766184479E-01,   -1.7645824259E-01,    7.8540028076E-01,                  NaN
    4.4335937500E-01,   -6.4180333997E-01,   -1.7890761193E-01,    7.8540028076E-01,                  NaN
    4.4531250000E-01,   -6.4603182957E-01,   -1.8139821949E-01,    7.8540028076E-01,                  NaN
    4.4726562500E-01,   -6.5034505645E-01,   -1.8393006014E-01,    7.8540028076E-01,                  NaN
    4.4921875000E-01,   -6.5474056470E-01,   -1.8650306182E-01,    7.8540028076E-01,                  NaN
    4.5117187500E-01,   -6.5921569310E-01,   -1.8911708222E-01,    7.8540028076E-01,                  NaN
    4.5312500000E-01,   -6.6376756969E-01,   -1.9177190570E-01,    7.8540028076E-01,                  NaN
    4.5507812500E-01,   -6.6839310779E-01,   -1.9446724025E-01,    7.8540028076E-01,                  NaN
    4.5703125000E-01,   -6.7308900330E-01,   -1.9720271452E-01,    7.8540028076E-01,                  NaN
    4.5898437500E-01,   -6.7785173266E-01,   -1.9997787475E-01,    7.8540028076E-01,                  NaN
    4.6093750000E-01,   -6.8267755131E-01,   -2.0279218165E-01,    7.8540028076E-01,                  NaN
    4.6289062500E-01,   -6.8756249272E-01,   -2.0564500738E-01,    7.8540028076E-01,                  NaN
    4.6484375000E-01,   -6.9250236842E-01,   -2.0853563290E-01,    7.8540028076E-01,                  NaN
    4.6679687500E-01,   -6.9749276946E-01,   -2.1146324580E-01,    7.8540028076E-01,                  NaN
    4.6875000000E-01,   -7.0252906951E-01,   -2.1442693888E-01,    7.8540028076E-01,                  NaN
    4.7070312500E-01,   -7.0760642900E-01,   -2.1742570924E-01,    7.8540028076E-01,                  NaN
    4.7265625000E-01,   -7.1271979945E-01,   -2.2045845760E-01,    7.8540028076E-01,                  NaN
    4.7460937500E-01,   -7.1786392686E-01,   -2.2352398760E-01,    7.8540028076E-01,                  NaN
    4.7656250000E-01,   -7.2303335320E-01,   -2.2662100463E-01,    7.8540028076E-01,                  NaN
    4.7851562500E-01,   -7.2822241607E-01,   -2.2974811408E-01,    7.8540028076E-01,                  NaN
    4.8046875000E-01,   -7.3342524696E-01,   -2.3290381919E-01,    7.8540028076E-01,                  NaN
    4.8242187500E-01,   -7.3863576942E-01,   -2.3608651875E-01,    7.8540028076E-01,                  NaN
    4.8437500000E-01,   -7.4384769842E-01,   -2.3929450491E-01,    7.8540028076E-01,                  NaN
    4.8632812500E-01,   -7.4905454171E-01,   -2.4252596169E-01,    7.8540028076E-01,                  NaN
    4.8828125000E-01,   -7.5424960376E-01,   -2.4577896421E-01,    7.8540028076E-01,                  NaN
    4.9023437500E-01,   -7.5942599190E-01,   -2.4905147866E-01,    7.8540028076E-01,                  NaN
    4.9218750000E-01,   -7.6457662437E-01,   -2.5234136321E-01,    7.8540028076E-01,                  NaN
    4.9414062500E-01,   -7.6969423999E-01,   -2.5564636956E-01,    7.8540028076E-01,                  NaN
    4.9609375000E-01,   -7.7477140982E-01,   -2.5896414530E-01,    7.8540028076E-01,                  NaN
    4.9804687500E-01,   -7.7980055101E-01,   -2.6229223727E-01,    7.8540028076E-01,                  NaN
    5.0000000000E-01,   -7.8477394335E-01,   -2.6562809572E-01,    7.8540028076E-01,                  NaN
    5.0195312500E-01,   -7.8968374791E-01,   -2.6896907932E-01,    7.8540028076E-01,                  NaN
    5.0390625000E-01,   -7.9452202639E-01,   -2.7231246058E-01,    7.8540028076E-01,                  NaN
    5.0585937500E-01,   -7.9928075882E-01,   -2.7565543096E-01,    7.8540028076E-01,                  NaN
    5.0781250000E-01,   -8.0395185769E-01,   -2.7899510524E-01,    7.8540028076E-01,                  NaN
    5.0976562500E-01,   -8.0852717774E-01,   -2.8232852483E-01,    7.8540028076E-01,                  NaN
    5.1171875000E-01,   -8.1299852310E-01,   -2.8565266062E-01,    7.8540028076E-01,                  NaN
    5.1367187500E-01,   -8.1735765629E-01,   -2.8896441658E-01,    7.8540028076E-01,                  NaN
    5.1562500000E-01,   -8.2159631515E-01,   -2.9226063585E-01,    7.8540028076E-01,                  NaN
    5.1757812500E-01,   -8.2570624372E-01,   -2.9553811127E-01,    7.8540028076E-01,                  NaN
    5.1953125000E-01,   -8.2967923998E-01,   -2.9879360107E-01,    7.8540028076E-01,                  NaN
    5.2148437500E-01,   -8.3350721862E-01,   -3.0202384940E-01,    7.8540028076E-01,                  NaN
    5.2343750000E-01,   -8.3718228118E-01,   -3.0522560956E-01,    7.8540028076E-01,                  NaN
    5.2539062500E-01,   -8.4069678203E-01,   -3.0839566643E-01,    7.8540028076E-01,                  NaN
    5.2734375000E-01,   -8.4404337821E-01,   -3.1153085455E-01,    7.8540028076E-01,                  NaN
    5.2929687500E-01,   -8.4721505590E-01,   -3.1462806974E-01,    7.8540028076E-01,                  NaN
    5.3125000000E-01,   -8.5020513586E-01,   -3.1768427465E-01,    7.8540028076E-01,                  NaN
    5.3320312500E-01,   -8.5300727209E-01,   -3.2069650287E-01,    7.8540028076E-01,                  NaN
    5.3515625000E-01,   -8.5561546979E-01,   -3.2366186931E-01,    7.8540028076E-01,                  NaN
    5.3710937500E-01,   -8.5802415495E-01,   -3.2657759737E-01,    7.8540028076E-01,                  NaN
    5.3906250000E-01,   -8.6022832666E-01,   -3.2944107268E-01,    7.8540028076E-01,                  NaN
    5.4101562500E-01,   -8.6222381165E-01,   -3.3224993012E-01,    7.8540028076E-01,                  NaN
    5.4296875000E-01,   -8.6400762034E-01,   -3.3500217446E-01,    7.8540028076E-01,                  NaN
    5.4492187500E-01,   -8.6557837766E-01,   -3.3769632665E-01,    7.8540028076E-01,                  NaN
    5.4687500000E-01,   -8.6693677573E-01,   -3.4033157916E-01,    7.8540028076E-01,                  NaN
    5.4882812500E-01,   -8.6808597505E-01,   -3.4290793705E-01,    7.8540028076E-01,                  NaN
    5.5078125000E-01,   -8.6903187207E-01,   -3.4542631776E-01,    7.8540028076E-01,                  NaN
    5.5273437500E-01,   -8.6978315695E-01,   -3.4788858395E-01,    7.8540028076E-01,                  NaN
    5.5468750000E-01,   -8.7035110689E-01,   -3.5029749028E-01,    7.8540028076E-01,                  NaN
    5.5664062500E-01,   -8.7074909569E-01,   -3.5265653563E-01,    7.8540028076E-01,                  NaN
    5.5859375000E-01,   -8.7099184224E-01,   -3.5496972633E-01,    7.8540028076E-01,                  NaN
    5.6054687500E-01,   -8.7109446442E-01,   -3.5724127009E-01,    7.8540028076E-01,                  NaN
    5.6250000000E-01,   -8.7107144033E-01,   -3.5947523284E-01,    7.8540028076E-01,                  NaN
    5.6445312500E-01,   -8.7093560031E-01,   -3.6167519866E-01,    7.8540028076E-01,                  NaN
    5.6640625000E-01,   -8.7069727517E-01,   -3.6384397488E-01,    7.8540028076E-01,                  NaN
    5.6835937500E-01,   -8.7036370813E-01,   -3.6598337969E-01,    7.8540028076E-01,                  NaN
    5.7031250000E-01,   -8.6993880117E-01,   -3.6809413828E-01,    7.8540028076E-01,                  NaN
    5.7226562500E-01,   -8.6942321795E-01,   -3.7017589807E-01,    7.8540028076E-01,                  NaN
    5.7421875000E-01,   -8.6881481359E-01,   -3.7222735609E-01,    7.8540028076E-01,                  NaN
    5.7617187500E-01,   -8.6810931466E-01,   -3.7424647531E-01,    7.8540028076E-01,                  NaN
    5.7812500000E-01,   -8.6730114077E-01,   -3.7623075493E-01,    7.8540028076E-01,                  NaN
    5.8007812500E-01,   -8.6638424660E-01,   -3.7817751408E-01,    7.8540028076E-01,                  NaN
    5.8203125000E-01,   -8.6535287178E-01,   -3.8008414996E-01,    7.8540028076E-01,                  NaN
    5.8398437500E-01,   -8.6420211346E-01,   -3.8194833970E-01,    7.8540028076E-01,                  NaN
    5.8593750000E-01,   -8.6292827584E-01,   -3.8376816832E-01,    7.8540028076E-01,                  NaN
    5.8789062500E-01,   -8.6152899333E-01,   -3.8554217923E-01,    7.8540028076E-01,                  NaN
    5.8984375000E-01,   -8.6000316180E-01,   -3.8726935759E-01,    7.8540028076E-01,                  NaN
    5.9179687500E-01,   -8.5835073748E-01,   -3.8894906574E-01,    7.8540028076E-01,                  NaN
    5.9375000000E-01,   -8.5657247297E-01,   -3.9058095469E-01,    7.8540028076E-01,                  NaN
    5.9570312500E-01,   -8.5466965474E-01,   -3.9216487407E-01,    7.8540028076E-01,                  NaN
    5.9765625000E-01,   -8.5264388947E-01,   -3.9370079805E-01,    7.8540028076E-01,                  NaN
    5.9960937500E-01,   -8.5049696434E-01,   -3.9518877670E-01,    7.8540028076E-01,                  NaN
    6.0156250000E-01,   -8.4823078427E-01,   -3.9662891473E-01,    7.8540028076E-01,                  NaN
    6.0351562500E-01,   -8.4584737222E-01,   -3.9802137303E-01,    7.8540028076E-01,                  NaN
    6.0546875000E-01,   -8.4334890905E-01,   -3.9936638504E-01,    7.8540028076E-01,                  NaN
    6.0742187500E-01,   -8.4073778858E-01,   -4.0066427900E-01,    7.8540028076E-01,                  NaN
    6.0937500000E-01,   -8.3801666782E-01,   -4.0191549877E-01,    7.8540028076E-01,                  NaN
    6.1132812500E-01,   -8.3518850058E-01,   -4.0312061871E-01,    7.8540028076E-01,                  NaN
    6.1328125000E-01,   -8.3225655090E-01,   -4.0428035093E-01,    7.8540028076E-01,                  NaN
    6.1523437500E-01,   -8.2922438896E-01,   -4.0539554605E-01,    7.8540028076E-01,                  NaN
    6.1718750000E-01,   -8.2609587588E-01,   -4.0646718947E-01,    7.8540028076E-01,                  NaN
    6.1914062500E-01,   -8.2287514417E-01,   -4.0749639597E-01,    7.8540028076E-01,                  NaN
    6.2109375000E-01,   -8.1956657929E-01,   -4.0848440461E-01,    7.8540028076E-01,                  NaN
    6.2304687500E-01,   -8.1617480549E-01,   -4.0943257524E-01,    7.8540028076E-01,                  NaN
    6.2500000000E-01,   -8.1270467652E-01,   -4.1034238699E-01,    7.8540028076E-01,                  NaN
    6.2695312500E-01,   -8.0916127060E-01,   -4.1121543839E-01,    7.8540028076E-01,                  NaN
    6.2890625000E-01,   -8.0554988777E-01,   -4.1205344851E-01,    7.8540028076E-01,                  NaN
    6.3085937500E-01,   -8.0187604815E-01,   -4.1285825838E-01,    7.8540028076E-01,                  NaN
    6.3281250000E-01,   -7.9814548949E-01,   -4.1363183212E-01,    7.8540028076E-01,                  NaN
    6.3476562500E-01,   -7.9436416358E-01,   -4.1437625734E-01,    7.8540028076E-01,                  NaN
    6.3671875000E-01,   -7.9053823070E-01,   -4.1509374480E-01,    7.8540028076E-01,                  NaN
    6.3867187500E-01,   -7.8667405247E-01,   -4.1578662718E-01,    7.8540028076E-01,                  NaN
    6.4062500000E-01,   -7.8277818287E-01,   -4.1645735723E-01,    7.8540028076E-01,                  NaN
    6.4257812500E-01,   -7.7885735782E-01,   -4.1710850532E-01,    7.8540028076E-01,                  NaN
    6.4453125000E-01,   -7.7491848352E-01,   -4.1774275676E-01,    7.8540028076E-01,                  NaN
    6.4648437500E-01,   -7.7096862366E-01,   -4.1836290884E-01,    7.8540028076E-01,                  NaN
    6.4843750000E-01,   -7.6701498602E-01,   -4.1897186776E-01,    7.8540028076E-01,                  NaN
    6.5039062500E-01,   -7.6306490831E-01,   -4.1957264534E-01,    7.8540028076E-01,                  NaN
    6.5234375000E-01,   -7.5912584385E-01,   -4.2016835548E-01,    7.8540028076E-01,                  NaN
    6.5429687500E-01,   -7.5520534686E-01,   -4.2076221023E-01,    7.8540028076E-01,                  NaN
    6.5625000000E-01,   -7.5131105779E-01,   -4.2135751538E-01,    7.8540028076E-01,                  NaN
    6.5820312500E-01,   -7.4745068842E-01,   -4.2195766563E-01,    7.8540028076E-01,                  NaN
    6.6015625000E-01,   -7.4363200697E-01,   -4.2256613920E-01,    7.8540028076E-01,                  NaN
    6.6210937500E-01,   -7.3986282275E-01,   -4.2318649217E-01,    7.8540028076E-01,                  NaN
    6.6406250000E-01,   -7.3615097021E-01,   -4.2382235230E-01,    7.8540028076E-01,                  NaN
    6.6601562500E-01,   -7.3250429146E-01,   -4.2447741239E-01,    7.8540028076E-01,                  NaN
    6.6796875000E-01,   -7.2893061685E-01,   -4.2515542276E-01,    7.8540028076E-01,                  NaN
    6.6992187500E-01,   -7.2543774259E-01,   -4.2586018266E-01,    7.8540028076E-01,                  NaN
    6.7187500000E-01,   -7.2203340498E-01,   -4.2659553007E-01,    7.8540028076E-01,                  NaN
    6.7382812500E-01,   -7.1872525131E-01,   -4.2736532981E-01,    7.8540028076E-01,                  NaN
    6.7578125000E-01,   -7.1552080778E-01,   -4.2817345989E-01,    7.8540028076E-01,                  NaN
    6.7773437500E-01,   -7.1242744588E-01,   -4.2902379657E-01,    7.8540028076E-01,                  NaN
    6.7968750000E-01,   -7.0945234847E-01,   -4.2992019848E-01,    7.8540028076E-01,                  NaN
    6.8164062500E-01,   -7.0660247705E-01,   -4.3086649070E-01,    7.8540028076E-01,                  NaN
    6.8359375000E-01,   -7.0388454101E-01,   -4.3186644886E-01,    7.8540028076E-01,                  NaN
    6.8554687500E-01,   -7.0130496836E-01,   -4.3292378356E-01,    7.8540028076E-01,                  NaN
    6.8750000000E-01,   -6.9886987653E-01,   -4.3404212421E-01,    7.8540028076E-01,                  NaN
    6.8945312500E-01,   -6.9658504083E-01,   -4.3522500134E-01,    7.8540028076E-01,                  NaN
    6.9140625000E-01,   -6.9445585800E-01,   -4.3647582608E-01,    7.8540028076E-01,                  NaN
    6.9335937500E-01,   -6.9248730301E-01,   -4.3779786589E-01,    7.8540028076E-01,                  NaN
    6.9531250000E-01,   -6.9068387904E-01,   -4.3919421624E-01,    7.8540028076E-01,                  NaN
    6.9726562500E-01,   -6.8904956262E-01,   -4.4066776909E-01,    7.8540028076E-01,                  NaN
    6.9921875000E-01,   -6.8758774783E-01,   -4.4222117996E-01,    7.8540028076E-01,                  NaN
    7.0117187500E-01,   -6.8630119400E-01,   -4.4385683575E-01,    7.8540028076E-01,                  NaN
    7.0312500000E-01,   -6.8519198086E-01,   -4.4557682550E-01,    7.8540028076E-01,                  NaN
    7.0507812500E-01,   -6.8426147203E-01,   -4.4738291443E-01,    7.8540028076E-01,                  NaN
    7.0703125000E-01,   -6.8351028393E-01,   -4.4927652036E-01,    7.8540028076E-01,                  NaN
    7.0898437500E-01,   -6.8293825300E-01,   -4.5125868870E-01,    7.8540028076E-01,                  NaN
    7.1093750000E-01,   -6.8254439127E-01,   -4.5333006112E-01,    7.8540028076E-01,                  NaN
    7.1289062500E-01,   -6.8232682022E-01,   -4.5549083261E-01,    7.8540028076E-01,                  NaN
    7.1484375000E-01,   -6.8228267734E-01,   -4.5774069343E-01,    7.8540028076E-01,                  NaN
    7.1679687500E-01,   -6.8240799703E-01,   -4.6007875677E-01,    7.8540028076E-01,                  NaN
    7.1875000000E-01,   -6.8269757909E-01,   -4.6250347830E-01,    7.8540028076E-01,                  NaN
    7.2070312500E-01,   -6.8314486918E-01,   -4.6501258034E-01,    7.8540028076E-01,                  NaN
    7.2265625000E-01,   -6.8374188508E-01,   -4.6760299870E-01,    7.8540028076E-01,                  NaN
    7.2460937500E-01,   -6.8447922664E-01,   -4.7027087262E-01,    7.8540028076E-01,                  NaN
    7.2656250000E-01,   -6.8534620380E-01,   -4.7301159741E-01,    7.8540028076E-01,                  NaN
    7.2851562500E-01,   -6.8633110531E-01,   -4.7581995326E-01,    7.8540028076E-01,                  NaN
    7.3046875000E-01,   -6.8742161122E-01,   -4.7869031368E-01,    7.8540028076E-01,                  NaN
    7.3242187500E-01,   -6.8860532902E-01,   -4.8161692465E-01,    7.8540028076E-01,                  NaN
    7.3437500000E-01,   -6.8987040909E-01,   -4.8459423200E-01,    7.8540028076E-01,                  NaN
    7.3632812500E-01,   -6.9120617620E-01,   -4.8761722388E-01,    7.8540028076E-01,                  NaN
    7.3828125000E-01,   -6.9260370404E-01,   -4.9068174894E-01,    7.8540028076E-01,                  NaN
    7.4023437500E-01,   -6.9405626124E-01,   -4.9378477071E-01,    7.8540028076E-01,                  NaN
    7.4218750000E-01,   -6.9555957146E-01,   -4.9692452535E-01,    7.8540028076E-01,                  NaN
    7.4414062500E-01,   -6.9711185344E-01,   -5.0010056216E-01,    7.8540028076E-01,                  NaN
    7.4609375000E-01,   -6.9871363717E-01,   -5.0331366217E-01,    7.8540028076E-01,                  NaN
    7.4804687500E-01,   -7.0036738238E-01,   -5.0656564676E-01,    7.8540028076E-01,                  NaN
    7.5000000000E-01,   -7.0207695151E-01,   -5.0985910298E-01,    7.8540028076E-01,                  NaN
    7.5195312500E-01,   -7.0384700542E-01,   -5.1319706152E-01,    7.8540028076E-01,                  NaN
    7.5390625000E-01,   -7.0568239485E-01,   -5.1658266711E-01,    7.8540028076E-01,                  NaN
    7.5585937500E-01,   -7.0758761412E-01,   -5.2001887805E-01,    7.8540028076E-01,                  NaN
    7.5781250000E-01,   -7.0956636717E-01,   -5.2350822356E-01,    7.8540028076E-01,                  NaN
    7.5976562500E-01,   -7.1162127482E-01,   -5.2705263607E-01,    7.8540028076E-01,                  NaN
    7.6171875000E-01,   -7.1375372835E-01,   -5.3065336312E-01,    7.8540028076E-01,                  NaN
    7.6367187500E-01,   -7.1596387468E-01,   -5.3431095170E-01,    7.8540028076E-01,                  NaN
    7.6562500000E-01,   -7.1825070319E-01,   -5.3802528985E-01,    7.8540028076E-01,                  NaN
    7.6757812500E-01,   -7.2061219741E-01,   -5.4179568536E-01,    7.8540028076E-01,                  NaN
    7.6953125000E-01,   -7.2304551432E-01,   -5.4562096126E-01,    7.8540028076E-01,                  NaN
    7.7148437500E-01,   -7.2554715989E-01,   -5.4949955013E-01,    7.8540028076E-01,                  NaN
    7.7343750000E-01,   -7.2811313840E-01,   -5.5342957437E-01,    7.8540028076E-01,                  NaN
    7.7539062500E-01,   -7.3073906440E-01,   -5.5740890548E-01,    7.8540028076E-01,                  NaN
    7.7734375000E-01,   -7.3342023533E-01,   -5.6143520098E-01,    7.8540028076E-01,                  NaN
    7.7929687500E-01,   -7.3615167070E-01,   -5.6550592166E-01,    7.8540028076E-01,                  NaN
    7.8125000000E-01,   -7.3892812774E-01,   -5.6961833507E-01,    7.8540028076E-01,                  NaN
    7.8320312500E-01,   -7.4174410456E-01,   -5.7376951150E-01,    7.8540028076E-01,                  NaN
    7.8515625000E-01,   -7.4459384070E-01,   -5.7795631848E-01,    7.8540028076E-01,                  NaN
    7.8710937500E-01,   -7.4747132190E-01,   -5.8217541813E-01,    7.8540028076E-01,                  NaN
    7.8906250000E-01,   -7.5037029257E-01,   -5.8642326980E-01,    7.8540028076E-01,                  NaN
    7.9101562500E-01,   -7.5328427616E-01,   -5.9069613836E-01,    7.8540028076E-01,                  NaN
    7.9296875000E-01,   -7.5620660135E-01,   -5.9499010709E-01,    7.8540028076E-01,                  NaN
    7.9492187500E-01,   -7.5913043081E-01,   -5.9930109335E-01,    7.8540028076E-01,                  NaN
    7.9687500000E-01,   -7.6204878915E-01,   -6.0362486485E-01,    7.8540028076E-01,                  NaN
    7.9882812500E-01,   -7.6495458783E-01,   -6.0795705495E-01,    7.8540028076E-01,                  NaN
    8.0078125000E-01,   -7.6784064586E-01,   -6.1229317591E-01,    7.8540028076E-01,                  NaN
    8.0273437500E-01,   -7.7069970622E-01,   -6.1662862993E-01,    7.8540028076E-01,                  NaN
    8.0468750000E-01,   -7.7352444916E-01,   -6.2095871842E-01,    7.8540028076E-01,                  NaN
    8.0664062500E-01,   -7.7630750391E-01,   -6.2527865025E-01,    7.8540028076E-01,                  NaN
    8.0859375000E-01,   -7.7904146046E-01,   -6.2958355003E-01,    7.8540028076E-01,                  NaN
    8.1054687500E-01,   -7.8171888298E-01,   -6.3386846749E-01,    7.8540028076E-01,                  NaN
    8.1250000000E-01,   -7.8433232556E-01,   -6.3812838838E-01,    7.8540028076E-01,                  NaN
    8.1445312500E-01,   -7.8687435056E-01,   -6.4235824727E-01,    7.8540028076E-01,                  NaN
    8.1640625000E-01,   -7.8933754921E-01,   -6.4655294215E-01,    7.8540028076E-01,                  NaN
    8.1835937500E-01,   -7.9171456370E-01,   -6.5070735039E-01,    7.8540028076E-01,                  NaN
    8.2031250000E-01,   -7.9399811015E-01,   -6.5481634579E-01,    7.8540028076E-01,                  NaN
    8.2226562500E-01,   -7.9618100162E-01,   -6.5887481610E-01,    7.8540028076E-01,                  NaN
    8.2421875000E-01,   -7.9825617069E-01,   -6.6287768068E-01,    7.8540028076E-01,                  NaN
    8.2617187500E-01,   -8.0021669139E-01,   -6.6681990800E-01,    7.8540028076E-01,                  NaN
    8.2812500000E-01,   -8.0205580036E-01,   -6.7069653288E-01,    7.8540028076E-01,                  NaN
    8.3007812500E-01,   -8.0376691788E-01,   -6.7450267366E-01,    7.8540028076E-01,                  NaN
    8.3203125000E-01,   -8.0534366898E-01,   -6.7823354933E-01,    7.8540028076E-01,                  NaN
    8.3398437500E-01,   -8.0677990532E-01,   -6.8188449713E-01,    7.8540028076E-01,                  NaN
    8.3593750000E-01,   -8.0806972817E-01,   -6.8545099063E-01,    7.8540028076E-01,                  NaN
    8.3789062500E-01,   -8.0920751288E-01,   -6.8892865882E-01,    7.8540028076E-01,                  NaN
    8.3984375000E-01,   -8.1018793488E-01,   -6.9231330595E-01,    7.8540028076E-01,                  NaN
    8.4179687500E-01,   -8.1100599695E-01,   -6.9560093232E-01,    7.8540028076E-01,                  NaN
    8.4375000000E-01,   -8.1165705747E-01,   -6.9878775569E-01,    7.8540028076E-01,                  NaN
    8.4570312500E-01,   -8.1213685885E-01,   -7.0187023285E-01,    7.8540028076E-01,                  NaN
    8.4765625000E-01,   -8.1244155564E-01,   -7.0484508088E-01,    7.8540028076E-01,                  NaN
    8.4960937500E-01,   -8.1256774147E-01,   -7.0770929779E-01,    7.8540028076E-01,                  NaN
    8.5156250000E-01,   -8.1251247485E-01,   -7.1046018193E-01,    7.8540028076E-01,                  NaN
    8.5351562500E-01,   -8.1227330336E-01,   -7.1309535036E-01,    7.8540028076E-01,                  NaN
    8.5546875000E-01,   -8.1184828708E-01,   -7.1561275600E-01,    7.8540028076E-01,                  NaN
    8.5742187500E-01,   -8.1123602149E-01,   -7.1801070412E-01,    7.8540028076E-01,                  NaN
    8.5937500000E-01,   -8.1043566052E-01,   -7.2028786820E-01,    7.8540028076E-01,                  NaN
    8.6132812500E-01,   -8.0944693988E-01,   -7.2244330531E-01,    7.8540028076E-01,                  NaN
    8.6328125000E-01,   -8.0827020019E-01,   -7.2447647084E-01,    7.8540028076E-01,                  NaN
    8.6523437500E-01,   -8.0690640881E-01,   -7.2638723175E-01,    7.8540028076E-01,                  NaN
    8.6718750000E-01,   -8.0535717884E-01,   -7.2817587762E-01,    7.8540028076E-01,                  NaN
    8.6914062500E-01,   -8.0362478362E-01,   -7.2984312857E-01,    7.8540028076E-01,                  NaN
    8.7109375000E-01,   -8.0171216551E-01,   -7.3139013942E-01,    7.8540028076E-01,                  NaN
    8.7304687500E-01,   -7.9962293841E-01,   -7.3281849978E-01,    7.8540028076E-01,                  NaN
    8.7500000000E-01,   -7.9736138467E-01,   -7.3413023078E-01,    7.8540028076E-01,                  NaN
    8.7695312500E-01,   -7.9493244761E-01,   -7.3532777917E-01,    7.8540028076E-01,                  NaN
    8.7890625000E-01,   -7.9234172128E-01,   -7.3641401002E-01,    7.8540028076E-01,                  NaN
    8.8085937500E-01,   -7.8959543809E-01,   -7.3739219859E-01,    7.8540028076E-01,                  NaN
    8.8281250000E-01,   -7.8670045321E-01,   -7.3826602101E-01,    7.8540028076E-01,                  NaN
    8.8476562500E-01,   -7.8366422227E-01,   -7.3903954203E-01,    7.8540028076E-01,                  NaN
    8.8671875000E-01,   -7.8049476577E-01,   -7.3971719624E-01,    7.8540028076E-01,                  NaN
    8.8867187500E-01,   -7.7720061214E-01,   -7.4030375820E-01,    7.8540028076E-01,                  NaN
    8.9062500000E-01,   -7.7379071013E-01,   -7.4080429621E-01,    7.8540028076E-01,                  NaN
    8.9257812500E-01,   -7.7027430275E-01,   -7.4122410474E-01,    7.8540028076E-01,                  NaN
    8.9453125000E-01,   -7.6666075849E-01,   -7.4156861266E-01,    7.8540028076E-01,                  NaN
    8.9648437500E-01,   -7.6295936035E-01,   -7.4184326670E-01,    7.8540028076E-01,                  NaN
    8.9843750000E-01,   -7.5917906043E-01,   -7.4205339326E-01,    7.8540028076E-01,                  NaN
    9.0039062500E-01,   -7.5532821372E-01,   -7.4220404543E-01,    7.8540028076E-01,                  NaN
    9.0234375000E-01,   -7.5141431157E-01,   -7.4229984555E-01,    7.8540028076E-01,                  NaN
    9.0429687500E-01,   -7.4744373846E-01,   -7.4234483631E-01,    7.8540028076E-01,                  NaN
    9.0625000000E-01,   -7.4342157792E-01,   -7.4234235526E-01,    7.8540028076E-01,                  NaN
    9.0820312500E-01,   -7.3935149095E-01,   -7.4229494681E-01,    7.8540028076E-01,                  NaN
    9.1015625000E-01,   -7.3523568550E-01,   -7.4220432409E-01,    7.8540028076E-01,                  NaN
    9.1210937500E-01,   -7.3107498765E-01,   -7.4207138919E-01,    7.8540028076E-01,                  NaN
    9.1406250000E-01,   -7.2686901531E-01,   -7.4189631513E-01,    7.8540028076E-01,                  NaN
    9.1601562500E-01,   -7.2261644484E-01,   -7.4167868661E-01,    7.8540028076E-01,                  NaN
    9.1796875000E-01,   -7.1831534984E-01,   -7.4141768999E-01,    7.8540028076E-01,                  NaN
    9.1992187500E-01,   -7.1396358233E-01,   -7.4111233607E-01,    7.8540028076E-01,                  NaN
    9.2187500000E-01,   -7.0955916085E-01,   -7.4076169518E-01,    7.8540028076E-01,                  NaN
    9.2382812500E-01,   -7.0510062874E-01,   -7.4036512146E-01,    7.8540028076E-01,                  NaN
    9.2578125000E-01,   -7.0058734976E-01,   -7.3992244465E-01,    7.8540028076E-01,                  NaN
    9.2773437500E-01,   -6.9601971570E-01,   -7.3943411143E-01,    7.8540028076E-01,                  NaN
    9.2968750000E-01,   -6.9139925193E-01,   -7.3890126482E-01,    7.8540028076E-01,                  NaN
    9.3164062500E-01,   -6.8672861965E-01,   -7.3832575830E-01,    7.8540028076E-01,                  NaN
    9.3359375000E-01,   -6.8201152668E-01,   -7.3771010994E-01,    7.8540028076E-01,                  NaN
    9.3554687500E-01,   -6.7725256861E-01,   -7.3705740902E-01,    7.8540028076E-01,                  NaN
    9.3750000000E-01,   -6.7245702877E-01,   -7.3637119249E-01,    7.8540028076E-01,                  NaN
    9.3945312500E-01,   -6.6763066644E-01,   -7.3565531039E-01,    7.8540028076E-01,                  NaN
    9.4140625000E-01,   -6.6277951982E-01,   -7.3491379788E-01,    7.8540028076E-01,                  NaN
    9.4335937500E-01,   -6.5790974323E-01,   -7.3415076754E-01,    7.8540028076E-01,                  NaN
    9.4531250000E-01,   -6.5302748923E-01,   -7.3337032989E-01,    7.8540028076E-01,                  NaN
    9.4726562500E-01,   -6.4813883718E-01,   -7.3257654421E-01,    7.8540028076E-01,                  NaN
    9.4921875000E-01,   -6.4324976225E-01,   -7.3177339624E-01,    7.8540028076E-01,                  NaN
    9.5117187500E-01,   -6.3836613378E-01,   -7.3096479590E-01,    7.8540028076E-01,                  NaN
    9.5312500000E-01,   -6.3349373019E-01,   -7.3015458676E-01,    7.8540028076E-01,                  NaN
    9.5507812500E-01,   -6.2863825865E-01,   -7.2934655917E-01,    7.8540028076E-01,                  NaN
    9.5703125000E-01,   -6.2380537056E-01,   -7.2854446093E-01,    7.8540028076E-01,                  NaN
    9.5898437500E-01,   -6.1900066801E-01,   -7.2775200224E-01,    7.8540028076E-01,                  NaN
    9.6093750000E-01,   -6.1422970027E-01,   -7.2697285383E-01,    7.8540028076E-01,                  NaN
    9.6289062500E-01,   -6.0949795205E-01,   -7.2621063973E-01,    7.8540028076E-01,                  NaN
    9.6484375000E-01,   -6.0481082717E-01,   -7.2546892695E-01,    7.8540028076E-01,                  NaN
    9.6679687500E-01,   -6.0017363130E-01,   -7.2475121480E-01,    7.8540028076E-01,                  NaN
    9.6875000000E-01,   -5.9559155662E-01,   -7.2406092583E-01,    7.8540028076E-01,                  NaN
    9.7070312500E-01,   -5.9106966998E-01,   -7.2340139954E-01,    7.8540028076E-01,                  NaN
    9.7265625000E-01,   -5.8661290435E-01,   -7.2277588878E-01,    7.8540028076E-01,                  NaN
    9.7460937500E-01,   -5.8222605239E-01,   -7.2218755786E-01,    7.8540028076E-01,                  NaN
    9.7656250000E-01,   -5.7791376030E-01,   -7.2163948102E-01,    7.8540028076E-01,                  NaN
    9.7851562500E-01,   -5.7368051981E-01,   -7.2113463954E-01,    7.8540028076E-01,                  NaN
    9.8046875000E-01,   -5.6953065705E-01,   -7.2067591630E-01,    7.8540028076E-01,                  NaN
    9.8242187500E-01,   -5.6546831727E-01,   -7.2026608712E-01,    7.8540028076E-01,                  NaN
    9.8437500000E-01,   -5.6149744556E-01,   -7.1990780862E-01,    7.8540028076E-01,                  NaN
    9.8632812500E-01,   -5.5762176432E-01,   -7.1960360338E-01,    7.8540028076E-01,                  NaN
    9.8828125000E-01,   -5.5384474854E-01,   -7.1935584312E-01,    7.8540028076E-01,                  NaN
    9.9023437500E-01,   -5.5016960058E-01,   -7.1916673112E-01,    7.8540028076E-01,                  NaN
    9.9218750000E-01,   -5.4659922553E-01,   -7.1903828509E-01,    7.8540028076E-01,                  NaN
    9.9414062500E-01,   -5.4313620850E-01,   -7.1897232133E-01,    7.8540028076E-01,                  NaN
    9.9609375000E-01,   -5.3978279468E-01,   -7.1897044071E-01,    7.8540028076E-01,                  NaN
    9.9804687500E-01,   -5.3654087237E-01,   -7.1903401702E-01,    7.8540028076E-01,                  NaN
    1.0000000000E+00,   -5.3341195947E-01,   -7.1916418718E-01,    7.8540028076E-01,                  NaN
                 NaN,   -5.9159393723E-01,   -3.0631597657E-01,    7.8540028076E-01,                  NaN
