                Time,             Y-Force,      Work integrand,                Mass,           Mass error
    0.0000000000E+00,   -8.9516696315E-05,    0.0000000000E+00,    7.8542745754E-01,                  NaN
    1.9531250000E-03,   -5.3699475835E-06,   -4.8335105653E-10,    7.8542745754E-01,                  NaN
    3.9062500000E-03,   -2.7019472097E-04,   -1.0155490178E-08,    7.8542745754E-01,                  NaN
    5.8593750000E-03,   -4.9607605411E-04,   -4.2514582169E-08,    7.8542745754E-01,                  NaN
    7.8125000000E-03,   -8.4266150399E-04,   -1.2320679512E-07,    7.8542745754E-01,                  NaN
    9.7656250000E-03,   -1.3502605204E-03,   -2.8979893552E-07,    7.8542745754E-01,                  NaN
    1.1718750000E-02,   -1.8890495201E-03,   -5.7061096115E-07,    7.8542745754E-01,                  NaN
    1.3671875000E-02,   -2.5236639152E-03,   -1.0190997097E-06,    7.8542745754E-01,                  NaN
    1.5625000000E-02,   -3.3247341473E-03,   -1.7079152391E-06,    7.8542745754E-01,                  NaN
    1.7578125000E-02,   -4.1905792369E-03,   -2.6699137913E-06,    7.8542745754E-01,                  NaN
    1.9531250000E-02,   -5.0334790260E-03,   -3.9253264008E-06,    7.8542745754E-01,                  NaN
    2.1484375000E-02,   -5.9414006481E-03,   -5.5792889889E-06,    7.8542745754E-01,                  NaN
    2.3437500000E-02,   -7.0709945012E-03,   -7.8262633534E-06,    7.8542745754E-01,                  NaN
    2.5390625000E-02,   -8.4636652547E-03,   -1.0829849764E-05,    7.8542745754E-01,                  NaN
    2.7343750000E-02,   -1.0019937440E-02,   -1.4633326012E-05,    7.8542745754E-01,                  NaN
    2.9296875000E-02,   -1.1621293924E-02,   -1.9217539534E-05,    7.8542745754E-01,                  NaN
    3.1250000000E-02,   -1.3233534294E-02,   -2.4630140626E-05,    7.8542745754E-01,                  NaN
    3.3203125000E-02,   -1.4897372398E-02,   -3.1032994380E-05,    7.8542745754E-01,                  NaN
    3.5156250000E-02,   -1.6656304613E-02,   -3.8631802112E-05,    7.8542745754E-01,                  NaN
    3.7109375000E-02,   -1.8513641880E-02,   -4.7586806845E-05,    7.8542745754E-01,                  NaN
    3.9062500000E-02,   -2.0447277480E-02,   -5.7999908497E-05,    7.8542745754E-01,                  NaN
    4.1015625000E-02,   -2.2446472817E-02,   -6.9973855876E-05,    7.8542745754E-01,                  NaN
    4.2968750000E-02,   -2.4529930119E-02,   -8.3673844342E-05,    7.8542745754E-01,                  NaN
    4.4921875000E-02,   -2.6736416748E-02,   -9.9340411561E-05,    7.8542745754E-01,                  NaN
    4.6875000000E-02,   -2.9103761350E-02,   -1.1725621999E-04,    7.8542745754E-01,                  NaN
    4.8828125000E-02,   -3.1653205861E-02,   -1.3769919074E-04,    7.8542745754E-01,                  NaN
    5.0781250000E-02,   -3.4385052484E-02,   -1.6090891861E-04,    7.8542745754E-01,                  NaN
    5.2734375000E-02,   -3.7282690656E-02,   -1.8707453860E-04,    7.8542745754E-01,                  NaN
    5.4687500000E-02,   -4.0319936286E-02,   -2.1633998441E-04,    7.8542745754E-01,                  NaN
    5.6640625000E-02,   -4.3468267003E-02,   -2.4881986843E-04,    7.8542745754E-01,                  NaN
    5.8593750000E-02,   -4.6702464109E-02,   -2.8462030457E-04,    7.8542745754E-01,                  NaN
    6.0546875000E-02,   -5.0004188123E-02,   -3.2385991772E-04,    7.8542745754E-01,                  NaN
    6.2500000000E-02,   -5.3363472502E-02,   -3.6668699909E-04,    7.8542745754E-01,                  NaN
    6.4453125000E-02,   -5.6778448040E-02,   -4.1329019440E-04,    7.8542745754E-01,                  NaN
    6.6406250000E-02,   -6.0253854281E-02,   -4.6390207671E-04,    7.8542745754E-01,                  NaN
    6.8359375000E-02,   -6.3798967619E-02,   -5.1879662496E-04,    7.8542745754E-01,                  NaN
    7.0312500000E-02,   -6.7425486605E-02,   -5.7828253916E-04,    7.8542745754E-01,                  NaN
    7.2265625000E-02,   -7.1145739459E-02,   -6.4269451361E-04,    7.8542745754E-01,                  NaN
    7.4218750000E-02,   -7.4971375400E-02,   -7.1238419412E-04,    7.8542745754E-01,                  NaN
    7.6171875000E-02,   -7.8912510831E-02,   -7.8771171020E-04,    7.8542745754E-01,                  NaN
    7.8125000000E-02,   -8.2977182360E-02,   -8.6903779799E-04,    7.8542745754E-01,                  NaN
    8.0078125000E-02,   -8.7170964104E-02,   -9.5671621615E-04,    7.8542745754E-01,                  NaN
    8.2031250000E-02,   -9.1496718675E-02,   -1.0510866851E-03,    7.8542745754E-01,                  NaN
    8.3984375000E-02,   -9.5954570015E-02,   -1.1524695038E-03,    7.8542745754E-01,                  NaN
    8.5937500000E-02,   -1.0054220548E-01,   -1.2611634197E-03,    7.8542745754E-01,                  NaN
    8.7890625000E-02,   -1.0525551044E-01,   -1.3774476557E-03,    7.8542745754E-01,                  NaN
    8.9843750000E-02,   -1.1008938778E-01,   -1.5015874986E-03,    7.8542745754E-01,                  NaN
    9.1796875000E-02,   -1.1503852740E-01,   -1.6338414497E-03,    7.8542745754E-01,                  NaN
    9.3750000000E-02,   -1.2009792848E-01,   -1.7744675396E-03,    7.8542745754E-01,                  NaN
    9.5703125000E-02,   -1.2526311237E-01,   -1.9237272676E-03,    7.8542745754E-01,                  NaN
    9.7656250000E-02,   -1.3053011161E-01,   -2.0818871721E-03,    7.8542745754E-01,                  NaN
    9.9609375000E-02,   -1.3589539572E-01,   -2.2492193213E-03,    7.8542745754E-01,                  NaN
    1.0156250000E-01,   -1.4135586636E-01,   -2.4260022771E-03,    7.8542745754E-01,                  NaN
    1.0351562500E-01,   -1.4690895498E-01,   -2.6125232548E-03,    7.8542745754E-01,                  NaN
    1.0546875000E-01,   -1.5255275560E-01,   -2.8090809115E-03,    7.8542745754E-01,                  NaN
    1.0742187500E-01,   -1.5828608385E-01,   -3.0159873128E-03,    7.8542745754E-01,                  NaN
    1.0937500000E-01,   -1.6410838882E-01,   -3.2335677283E-03,    7.8542745754E-01,                  NaN
    1.1132812500E-01,   -1.7001952409E-01,   -3.4621578881E-03,    7.8542745754E-01,                  NaN
    1.1328125000E-01,   -1.7601945619E-01,   -3.7020995471E-03,    7.8542745754E-01,                  NaN
    1.1523437500E-01,   -1.8210801181E-01,   -3.9537359037E-03,    7.8542745754E-01,                  NaN
    1.1718750000E-01,   -1.8828473316E-01,   -4.2174082505E-03,    7.8542745754E-01,                  NaN
    1.1914062500E-01,   -1.9454885074E-01,   -4.4934543825E-03,    7.8542745754E-01,                  NaN
    1.2109375000E-01,   -2.0089933068E-01,   -4.7822083017E-03,    7.8542745754E-01,                  NaN
    1.2304687500E-01,   -2.0733493481E-01,   -5.0840001989E-03,    7.8542745754E-01,                  NaN
    1.2500000000E-01,   -2.1385424782E-01,   -5.3991557695E-03,    7.8542745754E-01,                  NaN
    1.2695312500E-01,   -2.2045566054E-01,   -5.7279945094E-03,    7.8542745754E-01,                  NaN
    1.2890625000E-01,   -2.2713733097E-01,   -6.0708273409E-03,    7.8542745754E-01,                  NaN
    1.3085937500E-01,   -2.3389715843E-01,   -6.4279543902E-03,    7.8542745754E-01,                  NaN
    1.3281250000E-01,   -2.4073280036E-01,   -6.7996637845E-03,    7.8542745754E-01,                  NaN
    1.3476562500E-01,   -2.4764174156E-01,   -7.1862320092E-03,    7.8542745754E-01,                  NaN
    1.3671875000E-01,   -2.5462140406E-01,   -7.5879258579E-03,    7.8542745754E-01,                  NaN
    1.3867187500E-01,   -2.6166927100E-01,   -8.0050055239E-03,    7.8542745754E-01,                  NaN
    1.4062500000E-01,   -2.6878299318E-01,   -8.4377280765E-03,    7.8542745754E-01,                  NaN
    1.4257812500E-01,   -2.7596045115E-01,   -8.8863504552E-03,    7.8542745754E-01,                  NaN
    1.4453125000E-01,   -2.8319975446E-01,   -9.3511311569E-03,    7.8542745754E-01,                  NaN
    1.4648437500E-01,   -2.9049916876E-01,   -9.8323299102E-03,    7.8542745754E-01,                  NaN
    1.4843750000E-01,   -2.9785696917E-01,   -1.0330204769E-02,    7.8542745754E-01,                  NaN
    1.5039062500E-01,   -3.0527122402E-01,   -1.0845006212E-02,    7.8542745754E-01,                  NaN
    1.5234375000E-01,   -3.1273951851E-01,   -1.1376968050E-02,    7.8542745754E-01,                  NaN
    1.5429687500E-01,   -3.2025863422E-01,   -1.1926295208E-02,    7.8542745754E-01,                  NaN
    1.5625000000E-01,   -3.2782420847E-01,   -1.2493148904E-02,    7.8542745754E-01,                  NaN
    1.5820312500E-01,   -3.3543040612E-01,   -1.3077630190E-02,    7.8542745754E-01,                  NaN
    1.6015625000E-01,   -3.4306964359E-01,   -1.3679763353E-02,    7.8542745754E-01,                  NaN
    1.6210937500E-01,   -3.5073240728E-01,   -1.4299481052E-02,    7.8542745754E-01,                  NaN
    1.6406250000E-01,   -3.5840720444E-01,   -1.4936613219E-02,    7.8542745754E-01,                  NaN
    1.6601562500E-01,   -3.6608067258E-01,   -1.5590881598E-02,    7.8542745754E-01,                  NaN
    1.6796875000E-01,   -3.7373785531E-01,   -1.6261901237E-02,    7.8542745754E-01,                  NaN
    1.6992187500E-01,   -3.8136263035E-01,   -1.6949189504E-02,    7.8542745754E-01,                  NaN
    1.7187500000E-01,   -3.8893825465E-01,   -1.7652182179E-02,    7.8542745754E-01,                  NaN
    1.7382812500E-01,   -3.9644797457E-01,   -1.8370255262E-02,    7.8542745754E-01,                  NaN
    1.7578125000E-01,   -4.0387564015E-01,   -1.9102750347E-02,    7.8542745754E-01,                  NaN
    1.7773437500E-01,   -4.1120626231E-01,   -1.9849000940E-02,    7.8542745754E-01,                  NaN
    1.7968750000E-01,   -4.1842645988E-01,   -2.0608356984E-02,    7.8542745754E-01,                  NaN
    1.8164062500E-01,   -4.2552475852E-01,   -2.1380205129E-02,    7.8542745754E-01,                  NaN
    1.8359375000E-01,   -4.3249172282E-01,   -2.2163982868E-02,    7.8542745754E-01,                  NaN
    1.8554687500E-01,   -4.3931992391E-01,   -2.2959185484E-02,    7.8542745754E-01,                  NaN
    1.8750000000E-01,   -4.4600376424E-01,   -2.3765365732E-02,    7.8542745754E-01,                  NaN
    1.8945312500E-01,   -4.5253919677E-01,   -2.4582127097E-02,    7.8542745754E-01,                  NaN
    1.9140625000E-01,   -4.5892338598E-01,   -2.5409112271E-02,    7.8542745754E-01,                  NaN
    1.9335937500E-01,   -4.6515436021E-01,   -2.6245989059E-02,    7.8542745754E-01,                  NaN
    1.9531250000E-01,   -4.7123070127E-01,   -2.7092436076E-02,    7.8542745754E-01,                  NaN
    1.9726562500E-01,   -4.7715130627E-01,   -2.7948130504E-02,    7.8542745754E-01,                  NaN
    1.9921875000E-01,   -4.8291524247E-01,   -2.8812739643E-02,    7.8542745754E-01,                  NaN
    2.0117187500E-01,   -4.8852169952E-01,   -2.9685917337E-02,    7.8542745754E-01,                  NaN
    2.0312500000E-01,   -4.9397002867E-01,   -3.0567305510E-02,    7.8542745754E-01,                  NaN
    2.0507812500E-01,   -4.9925984623E-01,   -3.1456540305E-02,    7.8542745754E-01,                  NaN
    2.0703125000E-01,   -5.0439117176E-01,   -3.2353261641E-02,    7.8542745754E-01,                  NaN
    2.0898437500E-01,   -5.0936456915E-01,   -3.3257124617E-02,    7.8542745754E-01,                  NaN
    2.1093750000E-01,   -5.1418126157E-01,   -3.4167811016E-02,    7.8542745754E-01,                  NaN
    2.1289062500E-01,   -5.1884319774E-01,   -3.5085039258E-02,    7.8542745754E-01,                  NaN
    2.1484375000E-01,   -5.2335305568E-01,   -3.6008571410E-02,    7.8542745754E-01,                  NaN
    2.1679687500E-01,   -5.2771417936E-01,   -3.6938216326E-02,    7.8542745754E-01,                  NaN
    2.1875000000E-01,   -5.3193045262E-01,   -3.7873828432E-02,    7.8542745754E-01,                  NaN
    2.2070312500E-01,   -5.3600612190E-01,   -3.8815302211E-02,    7.8542745754E-01,                  NaN
    2.2265625000E-01,   -5.3994558418E-01,   -3.9762562831E-02,    7.8542745754E-01,                  NaN
    2.2460937500E-01,   -5.4375315941E-01,   -4.0715553758E-02,    7.8542745754E-01,                  NaN
    2.2656250000E-01,   -5.4743286693E-01,   -4.1674222399E-02,    7.8542745754E-01,                  NaN
    2.2851562500E-01,   -5.5098822403E-01,   -4.2638504977E-02,    7.8542745754E-01,                  NaN
    2.3046875000E-01,   -5.5442208169E-01,   -4.3608311843E-02,    7.8542745754E-01,                  NaN
    2.3242187500E-01,   -5.5773650880E-01,   -4.4583514355E-02,    7.8542745754E-01,                  NaN
    2.3437500000E-01,   -5.6093273140E-01,   -4.5563934270E-02,    7.8542745754E-01,                  NaN
    2.3632812500E-01,   -5.6401112896E-01,   -4.6549336387E-02,    7.8542745754E-01,                  NaN
    2.3828125000E-01,   -5.6697128527E-01,   -4.7539424854E-02,    7.8542745754E-01,                  NaN
    2.4023437500E-01,   -5.6981208735E-01,   -4.8533843285E-02,    7.8542745754E-01,                  NaN
    2.4218750000E-01,   -5.7253186281E-01,   -4.9532178494E-02,    7.8542745754E-01,                  NaN
    2.4414062500E-01,   -5.7512854359E-01,   -5.0533967397E-02,    7.8542745754E-01,                  NaN
    2.4609375000E-01,   -5.7759984304E-01,   -5.1538706396E-02,    7.8542745754E-01,                  NaN
    2.4804687500E-01,   -5.7994343297E-01,   -5.2545862412E-02,    7.8542745754E-01,                  NaN
    2.5000000000E-01,   -5.8215710870E-01,   -5.3554884669E-02,    7.8542745754E-01,                  NaN
    2.5195312500E-01,   -5.8423893187E-01,   -5.4565216335E-02,    7.8542745754E-01,                  NaN
    2.5390625000E-01,   -5.8618734353E-01,   -5.5576305268E-02,    7.8542745754E-01,                  NaN
    2.5585937500E-01,   -5.8800124356E-01,   -5.6587613236E-02,    7.8542745754E-01,                  NaN
    2.5781250000E-01,   -5.8968003522E-01,   -5.7598623246E-02,    7.8542745754E-01,                  NaN
    2.5976562500E-01,   -5.9122363703E-01,   -5.8608844806E-02,    7.8542745754E-01,                  NaN
    2.6171875000E-01,   -5.9263246655E-01,   -5.9617817188E-02,    7.8542745754E-01,                  NaN
    2.6367187500E-01,   -5.9390740242E-01,   -6.0625110918E-02,    7.8542745754E-01,                  NaN
    2.6562500000E-01,   -5.9504973168E-01,   -6.1630327876E-02,    7.8542745754E-01,                  NaN
    2.6757812500E-01,   -5.9606108985E-01,   -6.2633100416E-02,    7.8542745754E-01,                  NaN
    2.6953125000E-01,   -5.9694340004E-01,   -6.3633089929E-02,    7.8542745754E-01,                  NaN
    2.7148437500E-01,   -5.9769881625E-01,   -6.4629985214E-02,    7.8542745754E-01,                  NaN
    2.7343750000E-01,   -5.9832967431E-01,   -6.5623500908E-02,    7.8542745754E-01,                  NaN
    2.7539062500E-01,   -5.9883845213E-01,   -6.6613376121E-02,    7.8542745754E-01,                  NaN
    2.7734375000E-01,   -5.9922773905E-01,   -6.7599373271E-02,    7.8542745754E-01,                  NaN
    2.7929687500E-01,   -5.9950021315E-01,   -6.8581277055E-02,    7.8542745754E-01,                  NaN
    2.8125000000E-01,   -5.9965862411E-01,   -6.9558893378E-02,    7.8542745754E-01,                  NaN
    2.8320312500E-01,   -5.9970577916E-01,   -7.0532048061E-02,    7.8542745754E-01,                  NaN
    2.8515625000E-01,   -5.9964452970E-01,   -7.1500585172E-02,    7.8542745754E-01,                  NaN
    2.8710937500E-01,   -5.9947775682E-01,   -7.2464364872E-02,    7.8542745754E-01,                  NaN
    2.8906250000E-01,   -5.9920835477E-01,   -7.3423260760E-02,    7.8542745754E-01,                  NaN
    2.9101562500E-01,   -5.9883921263E-01,   -7.4377156809E-02,    7.8542745754E-01,                  NaN
    2.9296875000E-01,   -5.9837319503E-01,   -7.5325944102E-02,    7.8542745754E-01,                  NaN
    2.9492187500E-01,   -5.9781312422E-01,   -7.6269517640E-02,    7.8542745754E-01,                  NaN
    2.9687500000E-01,   -5.9716176569E-01,   -7.7207773599E-02,    7.8542745754E-01,                  NaN
    2.9882812500E-01,   -5.9642182043E-01,   -7.8140607419E-02,    7.8542745754E-01,                  NaN
    3.0078125000E-01,   -5.9559592630E-01,   -7.9067913123E-02,    7.8542745754E-01,                  NaN
    3.0273437500E-01,   -5.9468667116E-01,   -7.9989584221E-02,    7.8542745754E-01,                  NaN
    3.0468750000E-01,   -5.9369661908E-01,   -8.0905516500E-02,    7.8542745754E-01,                  NaN
    3.0664062500E-01,   -5.9262835098E-01,   -8.1815612879E-02,    7.8542745754E-01,                  NaN
    3.0859375000E-01,   -5.9148451931E-01,   -8.2719790462E-02,    7.8542745754E-01,                  NaN
    3.1054687500E-01,   -5.9026791594E-01,   -8.3617989742E-02,    7.8542745754E-01,                  NaN
    3.1250000000E-01,   -5.8898155146E-01,   -8.4510185837E-02,    7.8542745754E-01,                  NaN
    3.1445312500E-01,   -5.8762874284E-01,   -8.5396401517E-02,    7.8542745754E-01,                  NaN
    3.1640625000E-01,   -5.8621320620E-01,   -8.6276721656E-02,    7.8542745754E-01,                  NaN
    3.1835937500E-01,   -5.8473915042E-01,   -8.7151308653E-02,    7.8542745754E-01,                  NaN
    3.2031250000E-01,   -5.8321136699E-01,   -8.8020418296E-02,    7.8542745754E-01,                  NaN
    3.2226562500E-01,   -5.8163531137E-01,   -8.8884415416E-02,    7.8542745754E-01,                  NaN
    3.2421875000E-01,   -5.8001717086E-01,   -8.9743788685E-02,    7.8542745754E-01,                  NaN
    3.2617187500E-01,   -5.7836391437E-01,   -9.0599163824E-02,    7.8542745754E-01,                  NaN
    3.2812500000E-01,   -5.7668331990E-01,   -9.1451314513E-02,    7.8542745754E-01,                  NaN
    3.3007812500E-01,   -5.7498397613E-01,   -9.2301170330E-02,    7.8542745754E-01,                  NaN
    3.3203125000E-01,   -5.7327525575E-01,   -9.3149821081E-02,    7.8542745754E-01,                  NaN
    3.3398437500E-01,   -5.7156725922E-01,   -9.3998517049E-02,    7.8542745754E-01,                  NaN
    3.3593750000E-01,   -5.6987072914E-01,   -9.4848664802E-02,    7.8542745754E-01,                  NaN
    3.3789062500E-01,   -5.6819693694E-01,   -9.5701818399E-02,    7.8542745754E-01,                  NaN
    3.3984375000E-01,   -5.6655754486E-01,   -9.6559666048E-02,    7.8542745754E-01,                  NaN
    3.4179687500E-01,   -5.6496444798E-01,   -9.7424012464E-02,    7.8542745754E-01,                  NaN
    3.4375000000E-01,   -5.6342960166E-01,   -9.8296757409E-02,    7.8542745754E-01,                  NaN
    3.4570312500E-01,   -5.6196484089E-01,   -9.9179871069E-02,    7.8542745754E-01,                  NaN
    3.4765625000E-01,   -5.6058169845E-01,   -1.0007536706E-01,    7.8542745754E-01,                  NaN
    3.4960937500E-01,   -5.5929122845E-01,   -1.0098527401E-01,    7.8542745754E-01,                  NaN
    3.5156250000E-01,   -5.5810384175E-01,   -1.0191160660E-01,    7.8542745754E-01,                  NaN
    3.5351562500E-01,   -5.5702915865E-01,   -1.0285633712E-01,    7.8542745754E-01,                  NaN
    3.5546875000E-01,   -5.5607588338E-01,   -1.0382136832E-01,    7.8542745754E-01,                  NaN
    3.5742187500E-01,   -5.5525170344E-01,   -1.0480850847E-01,    7.8542745754E-01,                  NaN
    3.5937500000E-01,   -5.5456321572E-01,   -1.0581944918E-01,    7.8542745754E-01,                  NaN
    3.6132812500E-01,   -5.5401587976E-01,   -1.0685574662E-01,    7.8542745754E-01,                  NaN
    3.6328125000E-01,   -5.5361399758E-01,   -1.0791880635E-01,    7.8542745754E-01,                  NaN
    3.6523437500E-01,   -5.5336071836E-01,   -1.0900987219E-01,    7.8542745754E-01,                  NaN
    3.6718750000E-01,   -5.5325806568E-01,   -1.1013001891E-01,    7.8542745754E-01,                  NaN
    3.6914062500E-01,   -5.5330698459E-01,   -1.1128014909E-01,    7.8542745754E-01,                  NaN
    3.7109375000E-01,   -5.5350740544E-01,   -1.1246099364E-01,    7.8542745754E-01,                  NaN
    3.7304687500E-01,   -5.5385832179E-01,   -1.1367311615E-01,    7.8542745754E-01,                  NaN
    3.7500000000E-01,   -5.5435787964E-01,   -1.1491692053E-01,    7.8542745754E-01,                  NaN
    3.7695312500E-01,   -5.5500347555E-01,   -1.1619266199E-01,    7.8542745754E-01,                  NaN
    3.7890625000E-01,   -5.5579186182E-01,   -1.1750046079E-01,    7.8542745754E-01,                  NaN
    3.8085937500E-01,   -5.5671925674E-01,   -1.1884031867E-01,    7.8542745754E-01,                  NaN
    3.8281250000E-01,   -5.5778145853E-01,   -1.2021213745E-01,    7.8542745754E-01,                  NaN
    3.8476562500E-01,   -5.5897396139E-01,   -1.2161573955E-01,    7.8542745754E-01,                  NaN
    3.8671875000E-01,   -5.6029207210E-01,   -1.2305088985E-01,    7.8542745754E-01,                  NaN
    3.8867187500E-01,   -5.6173102551E-01,   -1.2451731852E-01,    7.8542745754E-01,                  NaN
    3.9062500000E-01,   -5.6328609705E-01,   -1.2601474414E-01,    7.8542745754E-01,                  NaN
    3.9257812500E-01,   -5.6495270991E-01,   -1.2754289662E-01,    7.8542745754E-01,                  NaN
    3.9453125000E-01,   -5.6672653486E-01,   -1.2910153914E-01,    7.8542745754E-01,                  NaN
    3.9648437500E-01,   -5.6860357987E-01,   -1.3069048851E-01,    7.8542745754E-01,                  NaN
    3.9843750000E-01,   -5.7058026742E-01,   -1.3230963336E-01,    7.8542745754E-01,                  NaN
    4.0039062500E-01,   -5.7265349703E-01,   -1.3395894937E-01,    7.8542745754E-01,                  NaN
    4.0234375000E-01,   -5.7482069114E-01,   -1.3563851122E-01,    7.8542745754E-01,                  NaN
    4.0429687500E-01,   -5.7707982301E-01,   -1.3734850076E-01,    7.8542745754E-01,                  NaN
    4.0625000000E-01,   -5.7942942576E-01,   -1.3908921105E-01,    7.8542745754E-01,                  NaN
    4.0820312500E-01,   -5.8186858244E-01,   -1.4086104639E-01,    7.8542745754E-01,                  NaN
    4.1015625000E-01,   -5.8439689792E-01,   -1.4266451820E-01,    7.8542745754E-01,                  NaN
    4.1210937500E-01,   -5.8701445383E-01,   -1.4450023704E-01,    7.8542745754E-01,                  NaN
    4.1406250000E-01,   -5.8972174860E-01,   -1.4636890119E-01,    7.8542745754E-01,                  NaN
    4.1601562500E-01,   -5.9251962515E-01,   -1.4827128221E-01,    7.8542745754E-01,                  NaN
    4.1796875000E-01,   -5.9540918906E-01,   -1.5020820816E-01,    7.8542745754E-01,                  NaN
    4.1992187500E-01,   -5.9839172040E-01,   -1.5218054499E-01,    7.8542745754E-01,                  NaN
    4.2187500000E-01,   -6.0146858225E-01,   -1.5418917692E-01,    7.8542745754E-01,                  NaN
    4.2382812500E-01,   -6.0464112921E-01,   -1.5623498634E-01,    7.8542745754E-01,                  NaN
    4.2578125000E-01,   -6.0791061853E-01,   -1.5831883391E-01,    7.8542745754E-01,                  NaN
    4.2773437500E-01,   -6.1127812669E-01,   -1.6044153943E-01,    7.8542745754E-01,                  NaN
    4.2968750000E-01,   -6.1474447352E-01,   -1.6260386393E-01,    7.8542745754E-01,                  NaN
    4.3164062500E-01,   -6.1831015593E-01,   -1.6480649349E-01,    7.8542745754E-01,                  NaN
    4.3359375000E-01,   -6.2197529261E-01,   -1.6705002504E-01,    7.8542745754E-01,                  NaN
    4.3554687500E-01,   -6.2573958095E-01,   -1.6933495457E-01,    7.8542745754E-01,                  NaN
    4.3750000000E-01,   -6.2960226692E-01,   -1.7166166781E-01,    7.8542745754E-01,                  NaN
    4.3945312500E-01,   -6.3356212829E-01,   -1.7403043366E-01,    7.8542745754E-01,                  NaN
    4.4140625000E-01,   -6.3761747114E-01,   -1.7644140044E-01,    7.8542745754E-01,                  NaN
    4.4335937500E-01,   -6.4176613941E-01,   -1.7889459487E-01,    7.8542745754E-01,                  NaN
    4.4531250000E-01,   -6.4600553660E-01,   -1.8138992393E-01,    7.8542745754E-01,                  NaN
    4.4726562500E-01,   -6.5033265848E-01,   -1.8392717926E-01,    7.8542745754E-01,                  NaN
    4.4921875000E-01,   -6.5474413525E-01,   -1.8650604398E-01,    7.8542745754E-01,                  NaN
    4.5117187500E-01,   -6.5923628120E-01,   -1.8912610159E-01,    7.8542745754E-01,                  NaN
    4.5312500000E-01,   -6.6380514945E-01,   -1.9178684647E-01,    7.8542745754E-01,                  NaN
    4.5507812500E-01,   -6.6844658939E-01,   -1.9448769548E-01,    7.8542745754E-01,                  NaN
    4.5703125000E-01,   -6.7315630380E-01,   -1.9722800012E-01,    7.8542745754E-01,                  NaN
    4.5898437500E-01,   -6.7792990307E-01,   -2.0000705839E-01,    7.8542745754E-01,                  NaN
    4.6093750000E-01,   -6.8276295363E-01,   -2.0282412586E-01,    7.8542745754E-01,                  NaN
    4.6289062500E-01,   -6.8765101810E-01,   -2.0567842520E-01,    7.8542745754E-01,                  NaN
    4.6484375000E-01,   -6.9258968512E-01,   -2.0856915337E-01,    7.8542745754E-01,                  NaN
    4.6679687500E-01,   -6.9757458701E-01,   -2.1149548609E-01,    7.8542745754E-01,                  NaN
    4.6875000000E-01,   -7.0260140435E-01,   -2.1445657911E-01,    7.8542745754E-01,                  NaN
    4.7070312500E-01,   -7.0766585704E-01,   -2.1745156585E-01,    7.8542745754E-01,                  NaN
    4.7265625000E-01,   -7.1276368217E-01,   -2.2047955147E-01,    7.8542745754E-01,                  NaN
    4.7460937500E-01,   -7.1789059957E-01,   -2.2353960338E-01,    7.8542745754E-01,                  NaN
    4.7656250000E-01,   -7.2304226695E-01,   -2.2663073842E-01,    7.8542745754E-01,                  NaN
    4.7851562500E-01,   -7.2821422659E-01,   -2.2975190723E-01,    7.8542745754E-01,                  NaN
    4.8046875000E-01,   -7.3340184632E-01,   -2.3290197650E-01,    7.8542745754E-01,                  NaN
    4.8242187500E-01,   -7.3860025776E-01,   -2.3607970966E-01,    7.8542745754E-01,                  NaN
    4.8437500000E-01,   -7.4380429483E-01,   -2.3928374719E-01,    7.8542745754E-01,                  NaN
    4.8632812500E-01,   -7.4900843566E-01,   -2.4251258711E-01,    7.8542745754E-01,                  NaN
    4.8828125000E-01,   -7.5420675068E-01,   -2.4576456689E-01,    7.8542745754E-01,                  NaN
    4.9023437500E-01,   -7.5939285981E-01,   -2.4903784751E-01,    7.8542745754E-01,                  NaN
    4.9218750000E-01,   -7.6455990083E-01,   -2.5233040055E-01,    7.8542745754E-01,                  NaN
    4.9414062500E-01,   -7.6970051094E-01,   -2.5563999904E-01,    7.8542745754E-01,                  NaN
    4.9609375000E-01,   -7.7480682290E-01,   -2.5896421271E-01,    7.8542745754E-01,                  NaN
    4.9804687500E-01,   -7.7987047650E-01,   -2.6230040800E-01,    7.8542745754E-01,                  NaN
    5.0000000000E-01,   -7.8488264597E-01,   -2.6564575319E-01,    7.8542745754E-01,                  NaN
    5.0195312500E-01,   -7.8983408311E-01,   -2.6899722875E-01,    7.8542745754E-01,                  NaN
    5.0390625000E-01,   -7.9471517558E-01,   -2.7235164284E-01,    7.8542745754E-01,                  NaN
    5.0585937500E-01,   -7.9951601944E-01,   -2.7570565179E-01,    7.8542745754E-01,                  NaN
    5.0781250000E-01,   -8.0422650454E-01,   -2.7905578511E-01,    7.8542745754E-01,                  NaN
    5.0976562500E-01,   -8.0883641109E-01,   -2.8239847466E-01,    7.8542745754E-01,                  NaN
    5.1171875000E-01,   -8.1333551545E-01,   -2.8573008730E-01,    7.8542745754E-01,                  NaN
    5.1367187500E-01,   -8.1771370285E-01,   -2.8904696026E-01,    7.8542745754E-01,                  NaN
    5.1562500000E-01,   -8.2196108468E-01,   -2.9234543862E-01,    7.8542745754E-01,                  NaN
    5.1757812500E-01,   -8.2606811770E-01,   -2.9562191385E-01,    7.8542745754E-01,                  NaN
    5.1953125000E-01,   -8.3002572244E-01,   -2.9887286277E-01,    7.8542745754E-01,                  NaN
    5.2148437500E-01,   -8.3382539796E-01,   -3.0209488576E-01,    7.8542745754E-01,                  NaN
    5.2343750000E-01,   -8.3745933025E-01,   -3.0528474363E-01,    7.8542745754E-01,                  NaN
    5.2539062500E-01,   -8.4092049159E-01,   -3.0843939217E-01,    7.8542745754E-01,                  NaN
    5.2734375000E-01,   -8.4420272820E-01,   -3.1155601350E-01,    7.8542745754E-01,                  NaN
    5.2929687500E-01,   -8.4730083405E-01,   -3.1463204378E-01,    7.8542745754E-01,                  NaN
    5.3125000000E-01,   -8.5021060849E-01,   -3.1766519639E-01,    7.8542745754E-01,                  NaN
    5.3320312500E-01,   -8.5292889645E-01,   -3.2065348013E-01,    7.8542745754E-01,                  NaN
    5.3515625000E-01,   -8.5545360942E-01,   -3.2359521218E-01,    7.8542745754E-01,                  NaN
    5.3710937500E-01,   -8.5778372693E-01,   -3.2648902527E-01,    7.8542745754E-01,                  NaN
    5.3906250000E-01,   -8.5991927787E-01,   -3.2933386918E-01,    7.8542745754E-01,                  NaN
    5.4101562500E-01,   -8.6186130219E-01,   -3.3212900637E-01,    7.8542745754E-01,                  NaN
    5.4296875000E-01,   -8.6361179363E-01,   -3.3487400196E-01,    7.8542745754E-01,                  NaN
    5.4492187500E-01,   -8.6517362488E-01,   -3.3756870822E-01,    7.8542745754E-01,                  NaN
    5.4687500000E-01,   -8.6655045695E-01,   -3.4021324409E-01,    7.8542745754E-01,                  NaN
    5.4882812500E-01,   -8.6774663482E-01,   -3.4280796994E-01,    7.8542745754E-01,                  NaN
    5.5078125000E-01,   -8.6876707212E-01,   -3.4535345843E-01,    7.8542745754E-01,                  NaN
    5.5273437500E-01,   -8.6961712764E-01,   -3.4785046191E-01,    7.8542745754E-01,                  NaN
    5.5468750000E-01,   -8.7030247675E-01,   -3.5029987718E-01,    7.8542745754E-01,                  NaN
    5.5664062500E-01,   -8.7082898100E-01,   -3.5270270846E-01,    7.8542745754E-01,                  NaN
    5.5859375000E-01,   -8.7120255899E-01,   -3.5506002933E-01,    7.8542745754E-01,                  NaN
    5.6054687500E-01,   -8.7142906183E-01,   -3.5737294446E-01,    7.8542745754E-01,                  NaN
    5.6250000000E-01,   -8.7151415603E-01,   -3.5964255214E-01,    7.8542745754E-01,                  NaN
    5.6445312500E-01,   -8.7146321673E-01,   -3.6186990837E-01,    7.8542745754E-01,                  NaN
    5.6640625000E-01,   -8.7128123361E-01,   -3.6405599334E-01,    7.8542745754E-01,                  NaN
    5.6835937500E-01,   -8.7097273170E-01,   -3.6620168122E-01,    7.8542745754E-01,                  NaN
    5.7031250000E-01,   -8.7054170888E-01,   -3.6830771395E-01,    7.8542745754E-01,                  NaN
    5.7226562500E-01,   -8.6999159109E-01,   -3.7037467966E-01,    7.8542745754E-01,                  NaN
    5.7421875000E-01,   -8.6932520624E-01,   -3.7240299632E-01,    7.8542745754E-01,                  NaN
    5.7617187500E-01,   -8.6854477687E-01,   -3.7439290110E-01,    7.8542745754E-01,                  NaN
    5.7812500000E-01,   -8.6765193170E-01,   -3.7634444582E-01,    7.8542745754E-01,                  NaN
    5.8007812500E-01,   -8.6664773480E-01,   -3.7825749844E-01,    7.8542745754E-01,                  NaN
    5.8203125000E-01,   -8.6553273103E-01,   -3.8013175067E-01,    7.8542745754E-01,                  NaN
    5.8398437500E-01,   -8.6430700611E-01,   -3.8196673133E-01,    7.8542745754E-01,                  NaN
    5.8593750000E-01,   -8.6297026007E-01,   -3.8376182558E-01,    7.8542745754E-01,                  NaN
    5.8789062500E-01,   -8.6152189208E-01,   -3.8551629944E-01,    7.8542745754E-01,                  NaN
    5.8984375000E-01,   -8.5996109298E-01,   -3.8722932865E-01,    7.8542745754E-01,                  NaN
    5.9179687500E-01,   -8.5828694185E-01,   -3.8890003075E-01,    7.8542745754E-01,                  NaN
    5.9375000000E-01,   -8.5649850428E-01,   -3.9052749965E-01,    7.8542745754E-01,                  NaN
    5.9570312500E-01,   -8.5459493044E-01,   -3.9211084194E-01,    7.8542745754E-01,                  NaN
    5.9765625000E-01,   -8.5257555008E-01,   -3.9364921369E-01,    7.8542745754E-01,                  NaN
    5.9960937500E-01,   -8.5043996061E-01,   -3.9514185596E-01,    7.8542745754E-01,                  NaN
    6.0156250000E-01,   -8.4818810541E-01,   -3.9658812818E-01,    7.8542745754E-01,                  NaN
    6.0351562500E-01,   -8.4582034123E-01,   -3.9798753854E-01,    7.8542745754E-01,                  NaN
    6.0546875000E-01,   -8.4333749389E-01,   -3.9933977074E-01,    7.8542745754E-01,                  NaN
    6.0742187500E-01,   -8.4074089988E-01,   -4.0064470584E-01,    7.8542745754E-01,                  NaN
    6.0937500000E-01,   -8.3803243211E-01,   -4.0190243826E-01,    7.8542745754E-01,                  NaN
    6.1132812500E-01,   -8.3521450990E-01,   -4.0311328576E-01,    7.8542745754E-01,                  NaN
    6.1328125000E-01,   -8.3229009451E-01,   -4.0427779365E-01,    7.8542745754E-01,                  NaN
    6.1523437500E-01,   -8.2926267158E-01,   -4.0539673338E-01,    7.8542745754E-01,                  NaN
    6.1718750000E-01,   -8.2613622172E-01,   -4.0647109562E-01,    7.8542745754E-01,                  NaN
    6.1914062500E-01,   -8.2291518055E-01,   -4.0750207843E-01,    7.8542745754E-01,                  NaN
    6.2109375000E-01,   -8.1960439003E-01,   -4.0849107107E-01,    7.8542745754E-01,                  NaN
    6.2304687500E-01,   -8.1620904393E-01,   -4.0943963485E-01,    7.8542745754E-01,                  NaN
    6.2500000000E-01,   -8.1273463038E-01,   -4.1034948204E-01,    7.8542745754E-01,                  NaN
    6.2695312500E-01,   -8.0918687434E-01,   -4.1122245406E-01,    7.8542745754E-01,                  NaN
    6.2890625000E-01,   -8.0557168232E-01,   -4.1206050014E-01,    7.8542745754E-01,                  NaN
    6.3085937500E-01,   -8.0189509193E-01,   -4.1286565748E-01,    7.8542745754E-01,                  NaN
    6.3281250000E-01,   -7.9816322833E-01,   -4.1364003399E-01,    7.8542745754E-01,                  NaN
    6.3476562500E-01,   -7.9438226942E-01,   -4.1438579464E-01,    7.8542745754E-01,                  NaN
    6.3671875000E-01,   -7.9055842116E-01,   -4.1510515195E-01,    7.8542745754E-01,                  NaN
    6.3867187500E-01,   -7.8669790381E-01,   -4.1580036126E-01,    7.8542745754E-01,                  NaN
    6.4062500000E-01,   -7.8280694911E-01,   -4.1647372076E-01,    7.8542745754E-01,                  NaN
    6.4257812500E-01,   -7.7889180801E-01,   -4.1712757633E-01,    7.8542745754E-01,                  NaN
    6.4453125000E-01,   -7.7495876792E-01,   -4.1776433067E-01,    7.8542745754E-01,                  NaN
    6.4648437500E-01,   -7.7101417796E-01,   -4.1838645629E-01,    7.8542745754E-01,                  NaN
    6.4843750000E-01,   -7.6706448026E-01,   -4.1899651144E-01,    7.8542745754E-01,                  NaN
    6.5039062500E-01,   -7.6311624491E-01,   -4.1959715793E-01,    7.8542745754E-01,                  NaN
    6.5234375000E-01,   -7.5917620617E-01,   -4.2019117992E-01,    7.8542745754E-01,                  NaN
    6.5429687500E-01,   -7.5525129709E-01,   -4.2078150219E-01,    7.8542745754E-01,                  NaN
    6.5625000000E-01,   -7.5134867996E-01,   -4.2137120692E-01,    7.8542745754E-01,                  NaN
    6.5820312500E-01,   -7.4747577026E-01,   -4.2196354768E-01,    7.8542745754E-01,                  NaN
    6.6015625000E-01,   -7.4364025170E-01,   -4.2256195967E-01,    7.8542745754E-01,                  NaN
    6.6210937500E-01,   -7.3985008079E-01,   -4.2317006527E-01,    7.8542745754E-01,                  NaN
    6.6406250000E-01,   -7.3611347936E-01,   -4.2379167414E-01,    7.8542745754E-01,                  NaN
    6.6601562500E-01,   -7.3243891424E-01,   -4.2443077738E-01,    7.8542745754E-01,                  NaN
    6.6796875000E-01,   -7.2883506365E-01,   -4.2509153541E-01,    7.8542745754E-01,                  NaN
    6.6992187500E-01,   -7.2531077044E-01,   -4.2577825948E-01,    7.8542745754E-01,                  NaN
    6.7187500000E-01,   -7.2187498304E-01,   -4.2649538699E-01,    7.8542745754E-01,                  NaN
    6.7382812500E-01,   -7.1853668495E-01,   -4.2724745095E-01,    7.8542745754E-01,                  NaN
    6.7578125000E-01,   -7.1530481461E-01,   -4.2803904410E-01,    7.8542745754E-01,                  NaN
    6.7773437500E-01,   -7.1218817739E-01,   -4.2887477839E-01,    7.8542745754E-01,                  NaN
    6.7968750000E-01,   -7.0919535186E-01,   -4.2975924073E-01,    7.8542745754E-01,                  NaN
    6.8164062500E-01,   -7.0633459276E-01,   -4.3069694587E-01,    7.8542745754E-01,                  NaN
    6.8359375000E-01,   -7.0361373299E-01,   -4.3169228751E-01,    7.8542745754E-01,                  NaN
    6.8554687500E-01,   -7.0104008720E-01,   -4.3274948879E-01,    7.8542745754E-01,                  NaN
    6.8750000000E-01,   -6.9862035934E-01,   -4.3387255312E-01,    7.8542745754E-01,                  NaN
    6.8945312500E-01,   -6.9636055654E-01,   -4.3506521670E-01,    7.8542745754E-01,                  NaN
    6.9140625000E-01,   -6.9426591140E-01,   -4.3633090367E-01,    7.8542745754E-01,                  NaN
    6.9335937500E-01,   -6.9234081469E-01,   -4.3767268507E-01,    7.8542745754E-01,                  NaN
    6.9531250000E-01,   -6.9058876014E-01,   -4.3909324247E-01,    7.8542745754E-01,                  NaN
    6.9726562500E-01,   -6.8901230258E-01,   -4.4059483735E-01,    7.8542745754E-01,                  NaN
    6.9921875000E-01,   -6.8761303070E-01,   -4.4217928683E-01,    7.8542745754E-01,                  NaN
    7.0117187500E-01,   -6.8639155505E-01,   -4.4384794659E-01,    7.8542745754E-01,                  NaN
    7.0312500000E-01,   -6.8534751209E-01,   -4.4560170165E-01,    7.8542745754E-01,                  NaN
    7.0507812500E-01,   -6.8447958433E-01,   -4.4744096524E-01,    7.8542745754E-01,                  NaN
    7.0703125000E-01,   -6.8378553611E-01,   -4.4936568611E-01,    7.8542745754E-01,                  NaN
    7.0898437500E-01,   -6.8326226458E-01,   -4.5137536415E-01,    7.8542745754E-01,                  NaN
    7.1093750000E-01,   -6.8290586525E-01,   -4.5346907438E-01,    7.8542745754E-01,                  NaN
    7.1289062500E-01,   -6.8271171077E-01,   -4.5564549898E-01,    7.8542745754E-01,                  NaN
    7.1484375000E-01,   -6.8267454109E-01,   -4.5790296635E-01,    7.8542745754E-01,                  NaN
    7.1679687500E-01,   -6.8278856311E-01,   -4.6023949666E-01,    7.8542745754E-01,                  NaN
    7.1875000000E-01,   -6.8304755838E-01,   -4.6265285305E-01,    7.8542745754E-01,                  NaN
    7.2070312500E-01,   -6.8344499639E-01,   -4.6514059721E-01,    7.8542745754E-01,                  NaN
    7.2265625000E-01,   -6.8397415032E-01,   -4.6770014768E-01,    7.8542745754E-01,                  NaN
    7.2460937500E-01,   -6.8462821289E-01,   -4.7032883929E-01,    7.8542745754E-01,                  NaN
    7.2656250000E-01,   -6.8540041050E-01,   -4.7302398318E-01,    7.8542745754E-01,                  NaN
    7.2851562500E-01,   -6.8628411259E-01,   -4.7578292621E-01,    7.8542745754E-01,                  NaN
    7.3046875000E-01,   -6.8727293300E-01,   -4.7860310751E-01,    7.8542745754E-01,                  NaN
    7.3242187500E-01,   -6.8836082236E-01,   -4.8148210997E-01,    7.8542745754E-01,                  NaN
    7.3437500000E-01,   -6.8954215048E-01,   -4.8441770525E-01,    7.8542745754E-01,                  NaN
    7.3632812500E-01,   -6.9081177256E-01,   -4.8740789029E-01,    7.8542745754E-01,                  NaN
    7.3828125000E-01,   -6.9216507186E-01,   -4.9045091224E-01,    7.8542745754E-01,                  NaN
    7.4023437500E-01,   -6.9359798151E-01,   -4.9354528329E-01,    7.8542745754E-01,                  NaN
    7.4218750000E-01,   -6.9510699818E-01,   -4.9668979145E-01,    7.8542745754E-01,                  NaN
    7.4414062500E-01,   -6.9668919193E-01,   -4.9988350866E-01,    7.8542745754E-01,                  NaN
    7.4609375000E-01,   -6.9834220155E-01,   -5.0312579012E-01,    7.8542745754E-01,                  NaN
    7.4804687500E-01,   -7.0006420295E-01,   -5.0641625746E-01,    7.8542745754E-01,                  NaN
    7.5000000000E-01,   -7.0185385084E-01,   -5.0975476667E-01,    7.8542745754E-01,                  NaN
    7.5195312500E-01,   -7.0371020504E-01,   -5.1314136756E-01,    7.8542745754E-01,                  NaN
    7.5390625000E-01,   -7.0563265115E-01,   -5.1657626076E-01,    7.8542745754E-01,                  NaN
    7.5585937500E-01,   -7.0762081767E-01,   -5.2005975304E-01,    7.8542745754E-01,                  NaN
    7.5781250000E-01,   -7.0967448793E-01,   -5.2359220957E-01,    7.8542745754E-01,                  NaN
    7.5976562500E-01,   -7.1179350601E-01,   -5.2717400222E-01,    7.8542745754E-01,                  NaN
    7.6171875000E-01,   -7.1397767946E-01,   -5.3080545561E-01,    7.8542745754E-01,                  NaN
    7.6367187500E-01,   -7.1622668317E-01,   -5.3448679339E-01,    7.8542745754E-01,                  NaN
    7.6562500000E-01,   -7.1853996808E-01,   -5.3821808722E-01,    7.8542745754E-01,                  NaN
    7.6757812500E-01,   -7.2091667812E-01,   -5.4199921018E-01,    7.8542745754E-01,                  NaN
    7.6953125000E-01,   -7.2335557773E-01,   -5.4582979593E-01,    7.8542745754E-01,                  NaN
    7.7148437500E-01,   -7.2585499207E-01,   -5.4970920493E-01,    7.8542745754E-01,                  NaN
    7.7343750000E-01,   -7.2841276077E-01,   -5.5363649808E-01,    7.8542745754E-01,                  NaN
    7.7539062500E-01,   -7.3102620644E-01,   -5.5761041834E-01,    7.8542745754E-01,                  NaN
    7.7734375000E-01,   -7.3369211691E-01,   -5.6162937969E-01,    7.8542745754E-01,                  NaN
    7.7929687500E-01,   -7.3640673985E-01,   -5.6569146222E-01,    7.8542745754E-01,                  NaN
    7.8125000000E-01,   -7.3916579100E-01,   -5.6979441349E-01,    7.8542745754E-01,                  NaN
    7.8320312500E-01,   -7.4196447693E-01,   -5.7393565775E-01,    7.8542745754E-01,                  NaN
    7.8515625000E-01,   -7.4479752881E-01,   -5.7811231228E-01,    7.8542745754E-01,                  NaN
    7.8710937500E-01,   -7.4765924179E-01,   -5.8232120844E-01,    7.8542745754E-01,                  NaN
    7.8906250000E-01,   -7.5054351989E-01,   -5.8655891498E-01,    7.8542745754E-01,                  NaN
    7.9101562500E-01,   -7.5344392872E-01,   -5.9082176268E-01,    7.8542745754E-01,                  NaN
    7.9296875000E-01,   -7.5635375478E-01,   -5.9510587028E-01,    7.8542745754E-01,                  NaN
    7.9492187500E-01,   -7.5926606468E-01,   -5.9940717141E-01,    7.8542745754E-01,                  NaN
    7.9687500000E-01,   -7.6217375899E-01,   -6.0372144128E-01,    7.8542745754E-01,                  NaN
    7.9882812500E-01,   -7.6506962119E-01,   -6.0804432294E-01,    7.8542745754E-01,                  NaN
    8.0078125000E-01,   -7.6794636442E-01,   -6.1237135253E-01,    7.8542745754E-01,                  NaN
    8.0273437500E-01,   -7.7079667398E-01,   -6.1669798082E-01,    7.8542745754E-01,                  NaN
    8.0468750000E-01,   -7.7361323885E-01,   -6.2101958806E-01,    7.8542745754E-01,                  NaN
    8.0664062500E-01,   -7.7638876860E-01,   -6.2533149154E-01,    7.8542745754E-01,                  NaN
    8.0859375000E-01,   -7.7911599862E-01,   -6.2962894901E-01,    7.8542745754E-01,                  NaN
    8.1054687500E-01,   -7.8178769079E-01,   -6.3390716211E-01,    7.8542745754E-01,                  NaN
    8.1250000000E-01,   -7.8439663456E-01,   -6.3816128164E-01,    7.8542745754E-01,                  NaN
    8.1445312500E-01,   -7.8693564850E-01,   -6.4238641315E-01,    7.8542745754E-01,                  NaN
    8.1640625000E-01,   -7.8939757984E-01,   -6.4657762071E-01,    7.8542745754E-01,                  NaN
    8.1835937500E-01,   -7.9177530051E-01,   -6.5072992831E-01,    7.8542745754E-01,                  NaN
    8.2031250000E-01,   -7.9406170051E-01,   -6.5483832035E-01,    7.8542745754E-01,                  NaN
    8.2226562500E-01,   -7.9624968148E-01,   -6.5889774361E-01,    7.8542745754E-01,                  NaN
    8.2421875000E-01,   -7.9833215345E-01,   -6.6290311228E-01,    7.8542745754E-01,                  NaN
    8.2617187500E-01,   -8.0030203813E-01,   -6.6684931731E-01,    7.8542745754E-01,                  NaN
    8.2812500000E-01,   -8.0215228118E-01,   -6.7073124058E-01,    7.8542745754E-01,                  NaN
    8.3007812500E-01,   -8.0387587440E-01,   -6.7454377411E-01,    7.8542745754E-01,                  NaN
    8.3203125000E-01,   -8.0546588737E-01,   -6.7828184406E-01,    7.8542745754E-01,                  NaN
    8.3398437500E-01,   -8.0691550739E-01,   -6.8194043882E-01,    7.8542745754E-01,                  NaN
    8.3593750000E-01,   -8.0821808666E-01,   -6.8551464093E-01,    7.8542745754E-01,                  NaN
    8.3789062500E-01,   -8.0936719596E-01,   -6.8899966207E-01,    7.8542745754E-01,                  NaN
    8.3984375000E-01,   -8.1035668409E-01,   -6.9239088092E-01,    7.8542745754E-01,                  NaN
    8.4179687500E-01,   -8.1118074172E-01,   -6.9568388335E-01,    7.8542745754E-01,                  NaN
    8.4375000000E-01,   -8.1183396839E-01,   -6.9887450394E-01,    7.8542745754E-01,                  NaN
    8.4570312500E-01,   -8.1231144046E-01,   -7.0195886800E-01,    7.8542745754E-01,                  NaN
    8.4765625000E-01,   -8.1260877808E-01,   -7.0493343260E-01,    7.8542745754E-01,                  NaN
    8.4960937500E-01,   -8.1272220884E-01,   -7.0779502547E-01,    7.8542745754E-01,                  NaN
    8.5156250000E-01,   -8.1264862597E-01,   -7.1054088047E-01,    7.8542745754E-01,                  NaN
    8.5351562500E-01,   -8.1238563905E-01,   -7.1316866840E-01,    7.8542745754E-01,                  NaN
    8.5546875000E-01,   -8.1193161551E-01,   -7.1567652242E-01,    7.8542745754E-01,                  NaN
    8.5742187500E-01,   -8.1128571189E-01,   -7.1806305745E-01,    7.8542745754E-01,                  NaN
    8.5937500000E-01,   -8.1044789411E-01,   -7.2032738335E-01,    7.8542745754E-01,                  NaN
    8.6132812500E-01,   -8.0941894628E-01,   -7.2246911192E-01,    7.8542745754E-01,                  NaN
    8.6328125000E-01,   -8.0820046750E-01,   -7.2448835766E-01,    7.8542745754E-01,                  NaN
    8.6523437500E-01,   -8.0679485594E-01,   -7.2638573197E-01,    7.8542745754E-01,                  NaN
    8.6718750000E-01,   -8.0520527975E-01,   -7.2816233040E-01,    7.8542745754E-01,                  NaN
    8.6914062500E-01,   -8.0343563552E-01,   -7.2981971292E-01,    7.8542745754E-01,                  NaN
    8.7109375000E-01,   -8.0149049519E-01,   -7.3135987759E-01,    7.8542745754E-01,                  NaN
    8.7304687500E-01,   -7.9937504241E-01,   -7.3278522841E-01,    7.8542745754E-01,                  NaN
    8.7500000000E-01,   -7.9709499991E-01,   -7.3409853801E-01,    7.8542745754E-01,                  NaN
    8.7695312500E-01,   -7.9465654967E-01,   -7.3530290611E-01,    7.8542745754E-01,                  NaN
    8.7890625000E-01,   -7.9206624738E-01,   -7.3640171398E-01,    7.8542745754E-01,                  NaN
    8.8085937500E-01,   -7.8933093310E-01,   -7.3739857558E-01,    7.8542745754E-01,                  NaN
    8.8281250000E-01,   -7.8645764000E-01,   -7.3829728681E-01,    7.8542745754E-01,                  NaN
    8.8476562500E-01,   -7.8345350275E-01,   -7.3910177342E-01,    7.8542745754E-01,                  NaN
    8.8671875000E-01,   -7.8032566692E-01,   -7.3981603832E-01,    7.8542745754E-01,                  NaN
    8.8867187500E-01,   -7.7708120159E-01,   -7.4044410952E-01,    7.8542745754E-01,                  NaN
    8.9062500000E-01,   -7.7372701820E-01,   -7.4098999056E-01,    7.8542745754E-01,                  NaN
    8.9257812500E-01,   -7.7026979688E-01,   -7.4145761436E-01,    7.8542745754E-01,                  NaN
    8.9453125000E-01,   -7.6671592127E-01,   -7.4185080047E-01,    7.8542745754E-01,                  NaN
    8.9648437500E-01,   -7.6307142240E-01,   -7.4217321588E-01,    7.8542745754E-01,                  NaN
    8.9843750000E-01,   -7.5934193238E-01,   -7.4242833946E-01,    7.8542745754E-01,                  NaN
    9.0039062500E-01,   -7.5553264904E-01,   -7.4261943211E-01,    7.8542745754E-01,                  NaN
    9.0234375000E-01,   -7.5164831377E-01,   -7.4274951502E-01,    7.8542745754E-01,                  NaN
    9.0429687500E-01,   -7.4769320353E-01,   -7.4282135724E-01,    7.8542745754E-01,                  NaN
    9.0625000000E-01,   -7.4367113724E-01,   -7.4283747186E-01,    7.8542745754E-01,                  NaN
    9.0820312500E-01,   -7.3958549566E-01,   -7.4280011931E-01,    7.8542745754E-01,                  NaN
    9.1015625000E-01,   -7.3543925299E-01,   -7.4271131737E-01,    7.8542745754E-01,                  NaN
    9.1210937500E-01,   -7.3123501793E-01,   -7.4257285828E-01,    7.8542745754E-01,                  NaN
    9.1406250000E-01,   -7.2697508243E-01,   -7.4238633317E-01,    7.8542745754E-01,                  NaN
    9.1601562500E-01,   -7.2266147831E-01,   -7.4215316314E-01,    7.8542745754E-01,                  NaN
    9.1796875000E-01,   -7.1829604296E-01,   -7.4187463640E-01,    7.8542745754E-01,                  NaN
    9.1992187500E-01,   -7.1388049225E-01,   -7.4155194988E-01,    7.8542745754E-01,                  NaN
    9.2187500000E-01,   -7.0941649460E-01,   -7.4118625276E-01,    7.8542745754E-01,                  NaN
    9.2382812500E-01,   -7.0490574050E-01,   -7.4077868910E-01,    7.8542745754E-01,                  NaN
    9.2578125000E-01,   -7.0035000689E-01,   -7.4033043925E-01,    7.8542745754E-01,                  NaN
    9.2773437500E-01,   -6.9575121904E-01,   -7.3984276054E-01,    7.8542745754E-01,                  NaN
    9.2968750000E-01,   -6.9111151036E-01,   -7.3931702700E-01,    7.8542745754E-01,                  NaN
    9.3164062500E-01,   -6.8643327660E-01,   -7.3875476601E-01,    7.8542745754E-01,                  NaN
    9.3359375000E-01,   -6.8171921899E-01,   -7.3815768901E-01,    7.8542745754E-01,                  NaN
    9.3554687500E-01,   -6.7697237352E-01,   -7.3752771457E-01,    7.8542745754E-01,                  NaN
    9.3750000000E-01,   -6.7219612669E-01,   -7.3686698351E-01,    7.8542745754E-01,                  NaN
    9.3945312500E-01,   -6.6739421978E-01,   -7.3617786661E-01,    7.8542745754E-01,                  NaN
    9.4140625000E-01,   -6.6257074352E-01,   -7.3546296586E-01,    7.8542745754E-01,                  NaN
    9.4335937500E-01,   -6.5773012400E-01,   -7.3472510953E-01,    7.8542745754E-01,                  NaN
    9.4531250000E-01,   -6.5287710025E-01,   -7.3396734144E-01,    7.8542745754E-01,                  NaN
    9.4726562500E-01,   -6.4801669430E-01,   -7.3319290486E-01,    7.8542745754E-01,                  NaN
    9.4921875000E-01,   -6.4315417470E-01,   -7.3240522178E-01,    7.8542745754E-01,                  NaN
    9.5117187500E-01,   -6.3829501513E-01,   -7.3160786864E-01,    7.8542745754E-01,                  NaN
    9.5312500000E-01,   -6.3344484971E-01,   -7.3080454952E-01,    7.8542745754E-01,                  NaN
    9.5507812500E-01,   -6.2860942741E-01,   -7.2999906832E-01,    7.8542745754E-01,                  NaN
    9.5703125000E-01,   -6.2379456781E-01,   -7.2919530085E-01,    7.8542745754E-01,                  NaN
    9.5898437500E-01,   -6.1900611992E-01,   -7.2839716810E-01,    7.8542745754E-01,                  NaN
    9.6093750000E-01,   -6.1424992500E-01,   -7.2760861105E-01,    7.8542745754E-01,                  NaN
    9.6289062500E-01,   -6.0953178333E-01,   -7.2683356732E-01,    7.8542745754E-01,                  NaN
    9.6484375000E-01,   -6.0485742462E-01,   -7.2607594993E-01,    7.8542745754E-01,                  NaN
    9.6679687500E-01,   -6.0023248159E-01,   -7.2533962823E-01,    7.8542745754E-01,                  NaN
    9.6875000000E-01,   -5.9566246662E-01,   -7.2462841120E-01,    7.8542745754E-01,                  NaN
    9.7070312500E-01,   -5.9115275114E-01,   -7.2394603307E-01,    7.8542745754E-01,                  NaN
    9.7265625000E-01,   -5.8670854780E-01,   -7.2329614105E-01,    7.8542745754E-01,                  NaN
    9.7460937500E-01,   -5.8233489522E-01,   -7.2268228500E-01,    7.8542745754E-01,                  NaN
    9.7656250000E-01,   -5.7803664506E-01,   -7.2210790854E-01,    7.8542745754E-01,                  NaN
    9.7851562500E-01,   -5.7381845089E-01,   -7.2157634116E-01,    7.8542745754E-01,                  NaN
    9.8046875000E-01,   -5.6968475812E-01,   -7.2109079081E-01,    7.8542745754E-01,                  NaN
    9.8242187500E-01,   -5.6563979422E-01,   -7.2065433633E-01,    7.8542745754E-01,                  NaN
    9.8437500000E-01,   -5.6168755808E-01,   -7.2026991931E-01,    7.8542745754E-01,                  NaN
    9.8632812500E-01,   -5.5783180774E-01,   -7.1994033456E-01,    7.8542745754E-01,                  NaN
    9.8828125000E-01,   -5.5407604524E-01,   -7.1966821880E-01,    7.8542745754E-01,                  NaN
    9.9023437500E-01,   -5.5042349818E-01,   -7.1945603707E-01,    7.8542745754E-01,                  NaN
    9.9218750000E-01,   -5.4687709767E-01,   -7.1930606664E-01,    7.8542745754E-01,                  NaN
    9.9414062500E-01,   -5.4343945299E-01,   -7.1922037848E-01,    7.8542745754E-01,                  NaN
    9.9609375000E-01,   -5.4011282383E-01,   -7.1920081666E-01,    7.8542745754E-01,                  NaN
    9.9804687500E-01,   -5.3689909114E-01,   -7.1924897622E-01,    7.8542745754E-01,                  NaN
    1.0000000000E+00,   -5.3379972817E-01,   -7.1936618026E-01,    7.8542745754E-01,                  NaN
                 NaN,   -5.9161561697E-01,   -3.0637401754E-01,    7.8542745754E-01,                  NaN
