                Time,             Y-Force,      Work integrand,                Mass,           Mass error
    0.0000000000E+00,    5.1070259133E-15,    0.0000000000E+00,    7.8540027826E-01,                  NaN
    3.9062500000E-03,   -2.2426122091E-04,   -8.7558958670E-09,    7.8540027826E-01,                  NaN
    7.8125000000E-03,   -8.4853239137E-04,   -1.1766903927E-07,    7.8540027826E-01,                  NaN
    1.1718750000E-02,   -1.8712233190E-03,   -5.4843267328E-07,    7.8540027826E-01,                  NaN
    1.5625000000E-02,   -3.2987223751E-03,   -1.6568681556E-06,    7.8540027826E-01,                  NaN
    1.9531250000E-02,   -5.1316887466E-03,   -3.9213116621E-06,    7.8540027826E-01,                  NaN
    2.3437500000E-02,   -7.3728931516E-03,   -7.9442779726E-06,    7.8540027826E-01,                  NaN
    2.7343750000E-02,   -1.0025524193E-02,   -1.4451613769E-05,    7.8540027826E-01,                  NaN
    3.1250000000E-02,   -1.3092756089E-02,   -2.4291048083E-05,    7.8540027826E-01,                  NaN
    3.5156250000E-02,   -1.6577677207E-02,   -3.8431245319E-05,    7.8540027826E-01,                  NaN
    3.9062500000E-02,   -2.0483234981E-02,   -5.7960775176E-05,    7.8540027826E-01,                  NaN
    4.2968750000E-02,   -2.4812179987E-02,   -8.4086856949E-05,    7.8540027826E-01,                  NaN
    4.6875000000E-02,   -2.9567013505E-02,   -1.1813383976E-04,    7.8540027826E-01,                  NaN
    5.0781250000E-02,   -3.4749938454E-02,   -1.6154136292E-04,    7.8540027826E-01,                  NaN
    5.4687500000E-02,   -4.0362817281E-02,   -2.1586216483E-04,    7.8540027826E-01,                  NaN
    5.8593750000E-02,   -4.6407143602E-02,   -2.8275955969E-04,    7.8540027826E-01,                  NaN
    6.2500000000E-02,   -5.2884024217E-02,   -3.6400459930E-04,    7.8540027826E-01,                  NaN
    6.6406250000E-02,   -5.9794143587E-02,   -4.6147276682E-04,    7.8540027826E-01,                  NaN
    7.0312500000E-02,   -6.7137676420E-02,   -5.7713981611E-04,    7.8540027826E-01,                  NaN
    7.4218750000E-02,   -7.4914163532E-02,   -7.1307652511E-04,    7.8540027826E-01,                  NaN
    7.8125000000E-02,   -8.3122435352E-02,   -8.7144286102E-04,    7.8540027826E-01,                  NaN
    8.2031250000E-02,   -9.1760654702E-02,   -1.0544825684E-03,    7.8540027826E-01,                  NaN
    8.5937500000E-02,   -1.0082641359E-01,   -1.2645182542E-03,    7.8540027826E-01,                  NaN
    8.9843750000E-02,   -1.1031670297E-01,   -1.5039451258E-03,    7.8540027826E-01,                  NaN
    9.3750000000E-02,   -1.2022767690E-01,   -1.7752213720E-03,    7.8540027826E-01,                  NaN
    9.7656250000E-02,   -1.3055437510E-01,   -2.0808559619E-03,    7.8540027826E-01,                  NaN
    1.0156250000E-01,   -1.4129063442E-01,   -2.4233970988E-03,    7.8540027826E-01,                  NaN
    1.0546875000E-01,   -1.5242920218E-01,   -2.8054230399E-03,    7.8540027826E-01,                  NaN
    1.0937500000E-01,   -1.6396183654E-01,   -3.2295330492E-03,    7.8540027826E-01,                  NaN
    1.1328125000E-01,   -1.7587920883E-01,   -3.6983347731E-03,    7.8540027826E-01,                  NaN
    1.1718750000E-01,   -1.8817063472E-01,   -4.2144268383E-03,    7.8540027826E-01,                  NaN
    1.2109375000E-01,   -2.0082379405E-01,   -4.7803786175E-03,    7.8540027826E-01,                  NaN
    1.2500000000E-01,   -2.1382455109E-01,   -5.3987096085E-03,    7.8540027826E-01,                  NaN
    1.2890625000E-01,   -2.2715686840E-01,   -6.0718691320E-03,    7.8540027826E-01,                  NaN
    1.3281250000E-01,   -2.4080273813E-01,   -6.8022152308E-03,    7.8540027826E-01,                  NaN
    1.3671875000E-01,   -2.5474203974E-01,   -7.5919905212E-03,    7.8540027826E-01,                  NaN
    1.4062500000E-01,   -2.6895224255E-01,   -8.4432920874E-03,    7.8540027826E-01,                  NaN
    1.4453125000E-01,   -2.8340793835E-01,   -9.3580333993E-03,    7.8540027826E-01,                  NaN
    1.4843750000E-01,   -2.9808034926E-01,   -1.0337900484E-02,    7.8540027826E-01,                  NaN
    1.5234375000E-01,   -3.1293709286E-01,   -1.1384310205E-02,    7.8540027826E-01,                  NaN
    1.5625000000E-01,   -3.2794231837E-01,   -1.2498376567E-02,    7.8540027826E-01,                  NaN
    1.6015625000E-01,   -3.4305668398E-01,   -1.3680871588E-02,    7.8540027826E-01,                  NaN
    1.6406250000E-01,   -3.5823584671E-01,   -1.4932133821E-02,    7.8540027826E-01,                  NaN
    1.6796875000E-01,   -3.7342603714E-01,   -1.6251857424E-02,    7.8540027826E-01,                  NaN
    1.7187500000E-01,   -3.8855669127E-01,   -1.7638727716E-02,    7.8540027826E-01,                  NaN
    1.7578125000E-01,   -4.0353284228E-01,   -1.9089973586E-02,    7.8540027826E-01,                  NaN
    1.7968750000E-01,   -4.1823246808E-01,   -2.0601042952E-02,    7.8540027826E-01,                  NaN
    1.8359375000E-01,   -4.3251400967E-01,   -2.2165679130E-02,    7.8540027826E-01,                  NaN
    1.8750000000E-01,   -4.4623559128E-01,   -2.3776588192E-02,    7.8540027825E-01,                  NaN
    1.9140625000E-01,   -4.5928128333E-01,   -2.5426629102E-02,    7.8540027825E-01,                  NaN
    1.9531250000E-01,   -4.7158451625E-01,   -2.7110146186E-02,    7.8540027825E-01,                  NaN
    1.9921875000E-01,   -4.8313815892E-01,   -2.8823892697E-02,    7.8540027825E-01,                  NaN
    2.0312500000E-01,   -4.9398605092E-01,   -3.0567111055E-02,    7.8540027825E-01,                  NaN
    2.0703125000E-01,   -5.0419940971E-01,   -3.2340716199E-02,    7.8540027825E-01,                  NaN
    2.1093750000E-01,   -5.1384859553E-01,   -3.4145967235E-02,    7.8540027825E-01,                  NaN
    2.1484375000E-01,   -5.2298206911E-01,   -3.5983245755E-02,    7.8540027825E-01,                  NaN
    2.1875000000E-01,   -5.3161947283E-01,   -3.7851446184E-02,    7.8540027825E-01,                  NaN
    2.2265625000E-01,   -5.3975794284E-01,   -3.9748107801E-02,    7.8540027825E-01,                  NaN
    2.2656250000E-01,   -5.4738481531E-01,   -4.1670026120E-02,    7.8540027825E-01,                  NaN
    2.3046875000E-01,   -5.5448882446E-01,   -4.3613906000E-02,    7.8540027825E-01,                  NaN
    2.3437500000E-01,   -5.6106523105E-01,   -4.5576724344E-02,    7.8540027825E-01,                  NaN
    2.3828125000E-01,   -5.6711504704E-01,   -4.7555732455E-02,    7.8540027825E-01,                  NaN
    2.4218750000E-01,   -5.7264154035E-01,   -4.9548250784E-02,    7.8540027825E-01,                  NaN
    2.4609375000E-01,   -5.7764733480E-01,   -5.1551469210E-02,    7.8540027825E-01,                  NaN
    2.5000000000E-01,   -5.8213361628E-01,   -5.3562378832E-02,    7.8540027825E-01,                  NaN
    2.5390625000E-01,   -5.8610103198E-01,   -5.5577831343E-02,    7.8540027825E-01,                  NaN
    2.5781250000E-01,   -5.8955103917E-01,   -5.7594646708E-02,    7.8540027825E-01,                  NaN
    2.6171875000E-01,   -5.9248677324E-01,   -5.9609696102E-02,    7.8540027825E-01,                  NaN
    2.6562500000E-01,   -5.9491325604E-01,   -6.1619937686E-02,    7.8540027825E-01,                  NaN
    2.6953125000E-01,   -5.9683727364E-01,   -6.3622425630E-02,    7.8540027825E-01,                  NaN
    2.7343750000E-01,   -5.9826729698E-01,   -6.5614322652E-02,    7.8540027825E-01,                  NaN
    2.7734375000E-01,   -5.9921359249E-01,   -6.7592931061E-02,    7.8540027825E-01,                  NaN
    2.8125000000E-01,   -5.9968845656E-01,   -6.9555738970E-02,    7.8540027825E-01,                  NaN
    2.8515625000E-01,   -5.9970644920E-01,   -7.1500471247E-02,    7.8540027825E-01,                  NaN
    2.8906250000E-01,   -5.9928456473E-01,   -7.3425138908E-02,    7.8540027825E-01,                  NaN
    2.9296875000E-01,   -5.9844235731E-01,   -7.5328087948E-02,    7.8540027825E-01,                  NaN
    2.9687500000E-01,   -5.9720206980E-01,   -7.7208052193E-02,    7.8540027825E-01,                  NaN
    3.0078125000E-01,   -5.9558879437E-01,   -7.9064213485E-02,    7.8540027825E-01,                  NaN
    3.0468750000E-01,   -5.9363065956E-01,   -8.0896269462E-02,    7.8540027825E-01,                  NaN
    3.0859375000E-01,   -5.9135902330E-01,   -8.2704507577E-02,    7.8540027825E-01,                  NaN
    3.1250000000E-01,   -5.8880865743E-01,   -8.4489884504E-02,    7.8540027825E-01,                  NaN
    3.1640625000E-01,   -5.8601791892E-01,   -8.6254110747E-02,    7.8540027825E-01,                  NaN
    3.2031250000E-01,   -5.8302889837E-01,   -8.7999739007E-02,    7.8540027825E-01,                  NaN
    3.2421875000E-01,   -5.7988752332E-01,   -8.9730252346E-02,    7.8540027825E-01,                  NaN
    3.2812500000E-01,   -5.7664360387E-01,   -9.1450148900E-02,    7.8540027825E-01,                  NaN
    3.3203125000E-01,   -5.7335087105E-01,   -9.3165029167E-02,    7.8540027825E-01,                  NaN
    3.3593750000E-01,   -5.7006716328E-01,   -9.4881709634E-02,    7.8540027825E-01,                  NaN
    3.3984375000E-01,   -5.6685498269E-01,   -9.6608401740E-02,    7.8540027825E-01,                  NaN
    3.4375000000E-01,   -5.6378254672E-01,   -9.8354986838E-02,    7.8540027825E-01,                  NaN
    3.4765625000E-01,   -5.6092511436E-01,   -1.0013336636E-01,    7.8540027825E-01,                  NaN
    3.5156250000E-01,   -5.5836582274E-01,   -1.0195777166E-01,    7.8540027825E-01,                  NaN
    3.5546875000E-01,   -5.5619477529E-01,   -1.0384481360E-01,    7.8540027825E-01,                  NaN
    3.5937500000E-01,   -5.5450504355E-01,   -1.0581300110E-01,    7.8540027825E-01,                  NaN
    3.6328125000E-01,   -5.5338488437E-01,   -1.0788152720E-01,    7.8540027825E-01,                  NaN
    3.6718750000E-01,   -5.5290683547E-01,   -1.1006833648E-01,    7.8540027825E-01,                  NaN
    3.7109375000E-01,   -5.5311601944E-01,   -1.1238780122E-01,    7.8540027825E-01,                  NaN
    3.7500000000E-01,   -5.5402121298E-01,   -1.1484862165E-01,    7.8540027825E-01,                  NaN
    3.7890625000E-01,   -5.5559227520E-01,   -1.1745267662E-01,    7.8540027825E-01,                  NaN
    3.8281250000E-01,   -5.5776603499E-01,   -1.2019537794E-01,    7.8540027825E-01,                  NaN
    3.8671875000E-01,   -5.6046006059E-01,   -1.2306763779E-01,    7.8540027825E-01,                  NaN
    3.9062500000E-01,   -5.6359087009E-01,   -1.2605899196E-01,    7.8540027825E-01,                  NaN
    3.9453125000E-01,   -5.6709132657E-01,   -1.2916096859E-01,    7.8540027825E-01,                  NaN
    3.9843750000E-01,   -5.7092208574E-01,   -1.3236966508E-01,    7.8540027825E-01,                  NaN
    4.0234375000E-01,   -5.7507408552E-01,   -1.3568677490E-01,    7.8540027825E-01,                  NaN
    4.0625000000E-01,   -5.7956232834E-01,   -1.3911888646E-01,    7.8540027825E-01,                  NaN
    4.1015625000E-01,   -5.8441421049E-01,   -1.4267550652E-01,    7.8540027825E-01,                  NaN
    4.1406250000E-01,   -5.8965714007E-01,   -1.4636666872E-01,    7.8540027825E-01,                  NaN
    4.1796875000E-01,   -5.9530963936E-01,   -1.5020100819E-01,    7.8540027825E-01,                  NaN
    4.2187500000E-01,   -6.0137800017E-01,   -1.5418484351E-01,    7.8540027825E-01,                  NaN
    4.2578125000E-01,   -6.0785798080E-01,   -1.5832229894E-01,    7.8540027825E-01,                  NaN
    4.2968750000E-01,   -6.1473919851E-01,   -1.6261607381E-01,    7.8540027825E-01,                  NaN
    4.3359375000E-01,   -6.2200944948E-01,   -1.6706830057E-01,    7.8540027825E-01,                  NaN
    4.3750000000E-01,   -6.2965706771E-01,   -1.7168105282E-01,    7.8540027825E-01,                  NaN
    4.4140625000E-01,   -6.3767090435E-01,   -1.7645635121E-01,    7.8540027825E-01,                  NaN
    4.4531250000E-01,   -6.4603873359E-01,   -1.8139579329E-01,    7.8540027825E-01,                  NaN
    4.4921875000E-01,   -6.5474535423E-01,   -1.8650006952E-01,    7.8540027825E-01,                  NaN
    4.5312500000E-01,   -6.6377135876E-01,   -1.9176859467E-01,    7.8540027825E-01,                  NaN
    4.5703125000E-01,   -6.7309286698E-01,   -1.9719934760E-01,    7.8540027825E-01,                  NaN
    4.6093750000E-01,   -6.8268193528E-01,   -2.0278887504E-01,    7.8540027825E-01,                  NaN
    4.6484375000E-01,   -6.9250712791E-01,   -2.0853234876E-01,    7.8540027825E-01,                  NaN
    4.6875000000E-01,   -7.0253386547E-01,   -2.1442358219E-01,    7.8540027825E-01,                  NaN
    4.7265625000E-01,   -7.1272445062E-01,   -2.2045497443E-01,    7.8540027825E-01,                  NaN
    4.7656250000E-01,   -7.2303789945E-01,   -2.2661740618E-01,    7.8540027825E-01,                  NaN
    4.8046875000E-01,   -7.3342977408E-01,   -2.3290013434E-01,    7.8540027825E-01,                  NaN
    4.8437500000E-01,   -7.4385214615E-01,   -2.3929072073E-01,    7.8540027825E-01,                  NaN
    4.8828125000E-01,   -7.5425371397E-01,   -2.4577500517E-01,    7.8540027825E-01,                  NaN
    4.9218750000E-01,   -7.6458002992E-01,   -2.5233711593E-01,    7.8540027825E-01,                  NaN
    4.9609375000E-01,   -7.7477378954E-01,   -2.5895950727E-01,    7.8540027825E-01,                  NaN
    5.0000000000E-01,   -7.8477516396E-01,   -2.6562302043E-01,    7.8540027825E-01,                  NaN
    5.0390625000E-01,   -7.9452217906E-01,   -2.7230696979E-01,    7.8540027825E-01,                  NaN
    5.0781250000E-01,   -8.0395113897E-01,   -2.7898925427E-01,    7.8540027825E-01,                  NaN
    5.1171875000E-01,   -8.1299706970E-01,   -2.8564648834E-01,    7.8540027825E-01,                  NaN
    5.1562500000E-01,   -8.2159415984E-01,   -2.9225414700E-01,    7.8540027825E-01,                  NaN
    5.1953125000E-01,   -8.2967623673E-01,   -2.9878673727E-01,    7.8540027825E-01,                  NaN
    5.2343750000E-01,   -8.3717744858E-01,   -3.0521804862E-01,    7.8540027825E-01,                  NaN
    5.2734375000E-01,   -8.4403348436E-01,   -3.1152158563E-01,    7.8540027825E-01,                  NaN
    5.3125000000E-01,   -8.5018376202E-01,   -3.1767132207E-01,    7.8540027825E-01,                  NaN
    5.3515625000E-01,   -8.5557493767E-01,   -3.2364289868E-01,    7.8540027825E-01,                  NaN
    5.3906250000E-01,   -8.6016575447E-01,   -3.2941528917E-01,    7.8540027825E-01,                  NaN
    5.4296875000E-01,   -8.6393268288E-01,   -3.3497278122E-01,    7.8540027825E-01,                  NaN
    5.4687500000E-01,   -8.6687516108E-01,   -3.4030690394E-01,    7.8540027825E-01,                  NaN
    5.5078125000E-01,   -8.6901879371E-01,   -3.4541776556E-01,    7.8540027825E-01,                  NaN
    5.5468750000E-01,   -8.7041488502E-01,   -3.5031423705E-01,    7.8540027825E-01,                  NaN
    5.5859375000E-01,   -8.7113532388E-01,   -3.5501259356E-01,    7.8540027825E-01,                  NaN
    5.6250000000E-01,   -8.7126302158E-01,   -3.5953359467E-01,    7.8540027825E-01,                  NaN
    5.6640625000E-01,   -8.7087949454E-01,   -3.6389845271E-01,    7.8540027825E-01,                  NaN
    5.7031250000E-01,   -8.7005229124E-01,   -3.6812454578E-01,    7.8540027825E-01,                  NaN
    5.7421875000E-01,   -8.6882532781E-01,   -3.7222191754E-01,    7.8540027825E-01,                  NaN
    5.7812500000E-01,   -8.6721459527E-01,   -3.7619146988E-01,    7.8540027825E-01,                  NaN
    5.8203125000E-01,   -8.6521026527E-01,   -3.8002531444E-01,    7.8540027825E-01,                  NaN
    5.8593750000E-01,   -8.6278441245E-01,   -3.8370913919E-01,    7.8540027825E-01,                  NaN
    5.8984375000E-01,   -8.5990201129E-01,   -3.8722587499E-01,    7.8540027825E-01,                  NaN
    5.9375000000E-01,   -8.5653209376E-01,   -3.9055961301E-01,    7.8540027825E-01,                  NaN
    5.9765625000E-01,   -8.5265621084E-01,   -3.9369874032E-01,    7.8540027825E-01,                  NaN
    6.0156250000E-01,   -8.4827248253E-01,   -3.9663760675E-01,    7.8540027825E-01,                  NaN
    6.0546875000E-01,   -8.4339508354E-01,   -3.9937657083E-01,    7.8540027825E-01,                  NaN
    6.0937500000E-01,   -8.3805041316E-01,   -4.0192079246E-01,    7.8540027825E-01,                  NaN
    6.1328125000E-01,   -8.3227196753E-01,   -4.0427846336E-01,    7.8540027825E-01,                  NaN
    6.1718750000E-01,   -8.2609588769E-01,   -4.0645920172E-01,    7.8540027825E-01,                  NaN
    6.2109375000E-01,   -8.1955844217E-01,   -4.0847311451E-01,    7.8540027825E-01,                  NaN
    6.2500000000E-01,   -8.1269570023E-01,   -4.1033067279E-01,    7.8540027825E-01,                  NaN
    6.2890625000E-01,   -8.0554478838E-01,   -4.1204321158E-01,    7.8540027825E-01,                  NaN
    6.3281250000E-01,   -7.9814569952E-01,   -4.1362368005E-01,    7.8540027825E-01,                  NaN
    6.3671875000E-01,   -7.9054270480E-01,   -4.1508727116E-01,    7.8540027825E-01,                  NaN
    6.4062500000E-01,   -7.8278484982E-01,   -4.1645170894E-01,    7.8540027825E-01,                  NaN
    6.4453125000E-01,   -7.7492553441E-01,   -4.1773717008E-01,    7.8540027825E-01,                  NaN
    6.4843750000E-01,   -7.6702153899E-01,   -4.1896596844E-01,    7.8540027825E-01,                  NaN
    6.5234375000E-01,   -7.5913195735E-01,   -4.2016218273E-01,    7.8540027825E-01,                  NaN
    6.5625000000E-01,   -7.5131735913E-01,   -4.2135136311E-01,    7.8540027825E-01,                  NaN
    6.6015625000E-01,   -7.4363926508E-01,   -4.2256035913E-01,    7.8540027825E-01,                  NaN
    6.6406250000E-01,   -7.3615981552E-01,   -4.2381722463E-01,    7.8540027825E-01,                  NaN
    6.6796875000E-01,   -7.2894143040E-01,   -4.2515111526E-01,    7.8540027825E-01,                  NaN
    6.7187500000E-01,   -7.2204630064E-01,   -4.2659210521E-01,    7.8540027825E-01,                  NaN
    6.7578125000E-01,   -7.1553565781E-01,   -4.2817089235E-01,    7.8540027825E-01,                  NaN
    6.7968750000E-01,   -7.0946886902E-01,   -4.2991840462E-01,    7.8540027825E-01,                  NaN
    6.8359375000E-01,   -7.0390244795E-01,   -4.3186534180E-01,    7.8540027825E-01,                  NaN
    6.8750000000E-01,   -6.9888904803E-01,   -4.3404167888E-01,    7.8540027825E-01,                  NaN
    6.9140625000E-01,   -6.9447643145E-01,   -4.3647612475E-01,    7.8540027825E-01,                  NaN
    6.9531250000E-01,   -6.9070632328E-01,   -4.3919549002E-01,    7.8540027825E-01,                  NaN
    6.9921875000E-01,   -6.8761300511E-01,   -4.4222388741E-01,    7.8540027825E-01,                  NaN
    7.0312500000E-01,   -6.8522151269E-01,   -4.4558168894E-01,    7.8540027825E-01,                  NaN
    7.0703125000E-01,   -6.8354540547E-01,   -4.4928421084E-01,    7.8540027825E-01,                  NaN
    7.1093750000E-01,   -6.8258427763E-01,   -4.5334019953E-01,    7.8540027825E-01,                  NaN
    7.1484375000E-01,   -6.8232144812E-01,   -4.5775033596E-01,    7.8540027825E-01,                  NaN
    7.1875000000E-01,   -6.8272252233E-01,   -4.6250612400E-01,    7.8540027825E-01,                  NaN
    7.2265625000E-01,   -6.8373564275E-01,   -4.6758961887E-01,    7.8540027825E-01,                  NaN
    7.2656250000E-01,   -6.8529412688E-01,   -4.7297441643E-01,    7.8540027825E-01,                  NaN
    7.3046875000E-01,   -6.8732177056E-01,   -4.7862812291E-01,    7.8540027825E-01,                  NaN
    7.3437500000E-01,   -6.8974042506E-01,   -4.8451617191E-01,    7.8540027825E-01,                  NaN
    7.3828125000E-01,   -6.9247871112E-01,   -4.9060643660E-01,    7.8540027825E-01,                  NaN
    7.4218750000E-01,   -6.9548016393E-01,   -4.9687373622E-01,    7.8540027825E-01,                  NaN
    7.4609375000E-01,   -6.9870895384E-01,   -5.0330320053E-01,    7.8540027825E-01,                  NaN
    7.5000000000E-01,   -7.0215172455E-01,   -5.0989162121E-01,    7.8540027825E-01,                  NaN
    7.5390625000E-01,   -7.0581497466E-01,   -5.1664637203E-01,    7.8540027825E-01,                  NaN
    7.5781250000E-01,   -7.0971853146E-01,   -5.2358209663E-01,    7.8540027825E-01,                  NaN
    7.6171875000E-01,   -7.1388667237E-01,   -5.3071594885E-01,    7.8540027825E-01,                  NaN
    7.6562500000E-01,   -7.1833900779E-01,   -5.3806253016E-01,    7.8540027825E-01,                  NaN
    7.6953125000E-01,   -7.2308317009E-01,   -5.4562968357E-01,    7.8540027825E-01,                  NaN
    7.7343750000E-01,   -7.2811069809E-01,   -5.5341597693E-01,    7.8540027825E-01,                  NaN
    7.7734375000E-01,   -7.3339650925E-01,   -5.6141016565E-01,    7.8540027825E-01,                  NaN
    7.8125000000E-01,   -7.3890135813E-01,   -5.6959235717E-01,    7.8540027825E-01,                  NaN
    7.8515625000E-01,   -7.4457600607E-01,   -5.7793619509E-01,    7.8540027825E-01,                  NaN
    7.8906250000E-01,   -7.5036564512E-01,   -5.8641124839E-01,    7.8540027825E-01,                  NaN
    7.9296875000E-01,   -7.5621340974E-01,   -5.9498493405E-01,    7.8540027825E-01,                  NaN
    7.9687500000E-01,   -7.6206239381E-01,   -6.0362362264E-01,    7.8540027825E-01,                  NaN
    8.0078125000E-01,   -7.6785621705E-01,   -6.1229293602E-01,    7.8540027825E-01,                  NaN
    8.0468750000E-01,   -7.7353863480E-01,   -6.2095751198E-01,    7.8540027825E-01,                  NaN
    8.0859375000E-01,   -7.7905284868E-01,   -6.2958061416E-01,    7.8540027825E-01,                  NaN
    8.1250000000E-01,   -7.8434106736E-01,   -6.3812390961E-01,    7.8540027825E-01,                  NaN
    8.1640625000E-01,   -7.8934460039E-01,   -6.4654758399E-01,    7.8540027825E-01,                  NaN
    8.2031250000E-01,   -7.9400448475E-01,   -6.5481079669E-01,    7.8540027825E-01,                  NaN
    8.2421875000E-01,   -7.9826245364E-01,   -6.6287236335E-01,    7.8540027825E-01,                  NaN
    8.2812500000E-01,   -8.0206200471E-01,   -6.7069151801E-01,    7.8540027825E-01,                  NaN
    8.3203125000E-01,   -8.0534938604E-01,   -6.7822864095E-01,    7.8540027825E-01,                  NaN
    8.3593750000E-01,   -8.0807443058E-01,   -6.8544590460E-01,    7.8540027825E-01,                  NaN
    8.3984375000E-01,   -8.1019126968E-01,   -6.9230785025E-01,    7.8540027825E-01,                  NaN
    8.4375000000E-01,   -8.1165900464E-01,   -6.9878193850E-01,    7.8540027825E-01,                  NaN
    8.4765625000E-01,   -8.1244240833E-01,   -7.0483911302E-01,    7.8540027825E-01,                  NaN
    8.5156250000E-01,   -8.1251269085E-01,   -7.1045439312E-01,    7.8540027825E-01,                  NaN
    8.5546875000E-01,   -8.1184832254E-01,   -7.1560748509E-01,    7.8540027825E-01,                  NaN
    8.5937500000E-01,   -8.1043588646E-01,   -7.2028338829E-01,    7.8540027825E-01,                  NaN
    8.6328125000E-01,   -8.0827093020E-01,   -7.2447297175E-01,    7.8540027825E-01,                  NaN
    8.6718750000E-01,   -8.0535878781E-01,   -7.2817350175E-01,    7.8540027825E-01,                  NaN
    8.7109375000E-01,   -8.0171532262E-01,   -7.3138909504E-01,    7.8540027825E-01,                  NaN
    8.7500000000E-01,   -7.9736748665E-01,   -7.3413104721E-01,    7.8540027825E-01,                  NaN
    8.7890625000E-01,   -7.9235350747E-01,   -7.3641794050E-01,    7.8540027825E-01,                  NaN
    8.8281250000E-01,   -7.8672243231E-01,   -7.3827538756E-01,    7.8540027825E-01,                  NaN
    8.8671875000E-01,   -7.8053273051E-01,   -7.3973524502E-01,    7.8540027825E-01,                  NaN
    8.9062500000E-01,   -7.7384972964E-01,   -7.4083416297E-01,    7.8540027825E-01,                  NaN
    8.9453125000E-01,   -7.6674186010E-01,   -7.4161144049E-01,    7.8540027825E-01,                  NaN
    8.9843750000E-01,   -7.5927598619E-01,   -7.4210632424E-01,    7.8540027825E-01,                  NaN
    9.0234375000E-01,   -7.5151243253E-01,   -7.4235507895E-01,    7.8540027825E-01,                  NaN
    9.0625000000E-01,   -7.4350056608E-01,   -7.4238831338E-01,    7.8540027825E-01,                  NaN
    9.1015625000E-01,   -7.3527585660E-01,   -7.4222909964E-01,    7.8540027825E-01,                  NaN
    9.1406250000E-01,   -7.2685915190E-01,   -7.4189233671E-01,    7.8540027825E-01,                  NaN
    9.1796875000E-01,   -7.1825848252E-01,   -7.4138558184E-01,    7.8540027825E-01,                  NaN
    9.2187500000E-01,   -7.0947315391E-01,   -7.4071125706E-01,    7.8540027825E-01,                  NaN
    9.2578125000E-01,   -7.0049934606E-01,   -7.3986981764E-01,    7.8540027825E-01,                  NaN
    9.2968750000E-01,   -6.9133607979E-01,   -7.3886323868E-01,    7.8540027825E-01,                  NaN
    9.3359375000E-01,   -6.8199033533E-01,   -7.3769810320E-01,    7.8540027825E-01,                  NaN
    9.3750000000E-01,   -6.7248034454E-01,   -7.3638768329E-01,    7.8540027825E-01,                  NaN
    9.4140625000E-01,   -6.6283655147E-01,   -7.3495266279E-01,    7.8540027825E-01,                  NaN
    9.4531250000E-01,   -6.5310030774E-01,   -7.3342048168E-01,    7.8540027825E-01,                  NaN
    9.4921875000E-01,   -6.4332087767E-01,   -7.3182359718E-01,    7.8540027825E-01,                  NaN
    9.5312500000E-01,   -6.3355164026E-01,   -7.3019717049E-01,    7.8540027825E-01,                  NaN
    9.5703125000E-01,   -6.2384642363E-01,   -7.2857675240E-01,    7.8540027825E-01,                  NaN
    9.6093750000E-01,   -6.1425670745E-01,   -7.2699644938E-01,    7.8540027825E-01,                  NaN
    9.6484375000E-01,   -6.0483006452E-01,   -7.2548784572E-01,    7.8540027825E-01,                  NaN
    9.6875000000E-01,   -5.9560980724E-01,   -7.2407970556E-01,    7.8540027825E-01,                  NaN
    9.7265625000E-01,   -5.8663548103E-01,   -7.2279825972E-01,    7.8540027825E-01,                  NaN
    9.7656250000E-01,   -5.7794368733E-01,   -7.2166775712E-01,    7.8540027825E-01,                  NaN
    9.8046875000E-01,   -5.6956874567E-01,   -7.2071095397E-01,    7.8540027825E-01,                  NaN
    9.8437500000E-01,   -5.6154287731E-01,   -7.1994931064E-01,    7.8540027825E-01,                  NaN
    9.8828125000E-01,   -5.5389582937E-01,   -7.1940281575E-01,    7.8540027825E-01,                  NaN
    9.9218750000E-01,   -5.4665406742E-01,   -7.1908950119E-01,    7.8540027825E-01,                  NaN
    9.9609375000E-01,   -5.3983978153E-01,   -7.1902479984E-01,    7.8540027825E-01,                  NaN
    1.0000000000E+00,   -5.3346995534E-01,   -7.1922091175E-01,    7.8540027825E-01,                  NaN
                 NaN,   -5.9160009993E-01,   -3.0631605830E-01,    7.8540027825E-01,                  NaN
