                Time,             Y-Force,      Work integrand,                Mass,           Mass error
    0.0000000000E+00,   -2.2858426416E-05,    0.0000000000E+00,    7.7941282062E-01,                  NaN
    1.5625000000E-02,   -3.3088151654E-03,   -1.6828769381E-06,    7.7941282062E-01,                  NaN
    3.1250000000E-02,   -1.3096466830E-02,   -2.4297743201E-05,    7.7941282062E-01,                  NaN
    4.6875000000E-02,   -2.9505378294E-02,   -1.1732350982E-04,    7.7941282062E-01,                  NaN
    6.2500000000E-02,   -5.2715527417E-02,   -3.6095680023E-04,    7.7941282062E-01,                  NaN
    7.8125000000E-02,   -8.2788765988E-02,   -8.6317979770E-04,    7.7941282062E-01,                  NaN
    9.3750000000E-02,   -1.1968765732E-01,   -1.7568394270E-03,    7.7941282062E-01,                  NaN
    1.0937500000E-01,   -1.6323207136E-01,   -3.1951000988E-03,    7.7941282062E-01,                  NaN
    1.2500000000E-01,   -2.1292126467E-01,   -5.3423368742E-03,    7.7941282062E-01,                  NaN
    1.4062500000E-01,   -2.6776768073E-01,   -8.3572082911E-03,    7.7941282062E-01,                  NaN
    1.5625000000E-01,   -3.2606864143E-01,   -1.2364190990E-02,    7.7941282062E-01,                  NaN
    1.7187500000E-01,   -3.8504575424E-01,   -1.7410289353E-02,    7.7941282062E-01,                  NaN
    1.8750000000E-01,   -4.4082259669E-01,   -2.3420221774E-02,    7.7941282062E-01,                  NaN
    2.0312500000E-01,   -4.8928762794E-01,   -3.0189531971E-02,    7.7941282062E-01,                  NaN
    2.1875000000E-01,   -5.2764305835E-01,   -3.7452760447E-02,    7.7941282062E-01,                  NaN
    2.3437500000E-01,   -5.5547977747E-01,   -4.4996189930E-02,    7.7941282062E-01,                  NaN
    2.5000000000E-01,   -5.7423873520E-01,   -5.2708112755E-02,    7.7941282062E-01,                  NaN
    2.6562500000E-01,   -5.8547544627E-01,   -6.0507219220E-02,    7.7941282062E-01,                  NaN
    2.8125000000E-01,   -5.8974680163E-01,   -6.8244417085E-02,    7.7941282062E-01,                  NaN
    2.9687500000E-01,   -5.8718012421E-01,   -7.5722665995E-02,    7.7941282062E-01,                  NaN
    3.1250000000E-01,   -5.7880724772E-01,   -8.2837382298E-02,    7.7941282062E-01,                  NaN
    3.2812500000E-01,   -5.6714928886E-01,   -8.9703634347E-02,    7.7941282062E-01,                  NaN
    3.4375000000E-01,   -5.5572553840E-01,   -9.6679492730E-02,    7.7941282062E-01,                  NaN
    3.5937500000E-01,   -5.4819648751E-01,   -1.0431244102E-01,    7.7941282062E-01,                  NaN
    3.7500000000E-01,   -5.4763628202E-01,   -1.1324982132E-01,    7.7941282062E-01,                  NaN
    3.9062500000E-01,   -5.5589933667E-01,   -1.2410203225E-01,    7.7941282062E-01,                  NaN
    4.0625000000E-01,   -5.7317338151E-01,   -1.3727631254E-01,    7.7941282062E-01,                  NaN
    4.2187500000E-01,   -5.9813963512E-01,   -1.5288894269E-01,    7.7941282062E-01,                  NaN
    4.3750000000E-01,   -6.2885162633E-01,   -1.7084803612E-01,    7.7941282062E-01,                  NaN
    4.5312500000E-01,   -6.6370280891E-01,   -1.9103532306E-01,    7.7941282062E-01,                  NaN
    4.6875000000E-01,   -7.0162724647E-01,   -2.1338052974E-01,    7.7941282062E-01,                  NaN
    4.8437500000E-01,   -7.4136511778E-01,   -2.3770074189E-01,    7.7941282062E-01,                  NaN
    5.0000000000E-01,   -7.8056064042E-01,   -2.6342196925E-01,    7.7941282062E-01,                  NaN
    5.1562500000E-01,   -8.1566579223E-01,   -2.8945855783E-01,    7.7941282062E-01,                  NaN
    5.3125000000E-01,   -8.4288483203E-01,   -3.1441668849E-01,    7.7941282062E-01,                  NaN
    5.4687500000E-01,   -8.5948143302E-01,   -3.3701426066E-01,    7.7941282062E-01,                  NaN
    5.6250000000E-01,   -8.6456093812E-01,   -3.5644606822E-01,    7.7941282062E-01,                  NaN
    5.7812500000E-01,   -8.5898513214E-01,   -3.7250368062E-01,    7.7941282062E-01,                  NaN
    5.9375000000E-01,   -8.4470309392E-01,   -3.8545526140E-01,    7.7941282062E-01,                  NaN
    6.0937500000E-01,   -8.2398253665E-01,   -3.9581454245E-01,    7.7941282062E-01,                  NaN
    6.2500000000E-01,   -7.9890396552E-01,   -4.0414562568E-01,    7.7941282062E-01,                  NaN
    6.4062500000E-01,   -7.7131202161E-01,   -4.1102140070E-01,    7.7941282062E-01,                  NaN
    6.5625000000E-01,   -7.4320199839E-01,   -4.1717537079E-01,    7.7941282062E-01,                  NaN
    6.7187500000E-01,   -7.1718666490E-01,   -4.2373073353E-01,    7.7941282062E-01,                  NaN
    6.8750000000E-01,   -6.9648664756E-01,   -4.3225477238E-01,    7.7941282062E-01,                  NaN
    7.0312500000E-01,   -6.8416699476E-01,   -4.4445245965E-01,    7.7941282062E-01,                  NaN
    7.1875000000E-01,   -6.8199388340E-01,   -4.6159746563E-01,    7.7941282062E-01,                  NaN
    7.3437500000E-01,   -6.8970199782E-01,   -4.8405518250E-01,    7.7941282062E-01,                  NaN
    7.5000000000E-01,   -7.0519396120E-01,   -5.1121417810E-01,    7.7941282062E-01,                  NaN
    7.6562500000E-01,   -7.2547504319E-01,   -5.4182870015E-01,    7.7941282062E-01,                  NaN
    7.8125000000E-01,   -7.4762630225E-01,   -5.7447720422E-01,    7.7941282062E-01,                  NaN
    7.9687500000E-01,   -7.6923133940E-01,   -6.0781415778E-01,    7.7941282062E-01,                  NaN
    8.1250000000E-01,   -7.8819538112E-01,   -6.4051673298E-01,    7.7941282062E-01,                  NaN
    8.2812500000E-01,   -8.0235087737E-01,   -6.7108901392E-01,    7.7941282062E-01,                  NaN
    8.4375000000E-01,   -8.0933718989E-01,   -6.9779595310E-01,    7.7941282062E-01,                  NaN
    8.5937500000E-01,   -8.0699580371E-01,   -7.1890998168E-01,    7.7941282062E-01,                  NaN
    8.7500000000E-01,   -7.9412766110E-01,   -7.3322760652E-01,    7.7941282062E-01,                  NaN
    8.9062500000E-01,   -7.7114798598E-01,   -7.4058232335E-01,    7.7941282062E-01,                  NaN
    9.0625000000E-01,   -7.4016152788E-01,   -7.4201118967E-01,    7.7941282062E-01,                  NaN
    9.2187500000E-01,   -7.0433186065E-01,   -7.3942232063E-01,    7.7941282062E-01,                  NaN
    9.3750000000E-01,   -6.6690608100E-01,   -7.3495065466E-01,    7.7941282062E-01,                  NaN
    9.5312500000E-01,   -6.3048015334E-01,   -7.3040089467E-01,    7.7941282062E-01,                  NaN
    9.6875000000E-01,   -5.9684470163E-01,   -7.2706354562E-01,    7.7941282062E-01,                  NaN
    9.8437500000E-01,   -5.6725867290E-01,   -7.2585428994E-01,    7.7941282062E-01,                  NaN
    1.0000000000E+00,   -5.4270359492E-01,   -7.2748058987E-01,    7.7941282062E-01,                  NaN
                 NaN,   -5.8810643822E-01,   -3.0547879964E-01,    7.7941282062E-01,                  NaN
