                Time,             Y-Force,      Work integrand,                Mass,           Mass error
    0.0000000000E+00,   -1.7319479184E-14,    0.0000000000E+00,    7.8540027826E-01,                  NaN
    1.9531250000E-03,   -5.8213904053E-05,   -5.9875008442E-10,    7.8540027826E-01,                  NaN
    3.9062500000E-03,   -2.2722533780E-04,   -9.0941103763E-09,    7.8540027826E-01,                  NaN
    5.8593750000E-03,   -4.9381052131E-04,   -4.2153374368E-08,    7.8540027826E-01,                  NaN
    7.8125000000E-03,   -8.5959324023E-04,   -1.2461218578E-07,    7.8540027826E-01,                  NaN
    9.7656250000E-03,   -1.3263757163E-03,   -2.8950905135E-07,    7.8540027826E-01,                  NaN
    1.1718750000E-02,   -1.8928399416E-03,   -5.7745843202E-07,    7.8540027826E-01,                  NaN
    1.3671875000E-02,   -2.5588921535E-03,   -1.0368074524E-06,    7.8540027826E-01,                  NaN
    1.5625000000E-02,   -3.3254094347E-03,   -1.7238618080E-06,    7.8540027826E-01,                  NaN
    1.7578125000E-02,   -4.1929112088E-03,   -2.7026457425E-06,    7.8540027826E-01,                  NaN
    1.9531250000E-02,   -5.1616947560E-03,   -4.0447999620E-06,    7.8540027826E-01,                  NaN
    2.1484375000E-02,   -6.2321728658E-03,   -5.8296704878E-06,    7.8540027826E-01,                  NaN
    2.3437500000E-02,   -7.4048151790E-03,   -8.1442971905E-06,    7.8540027826E-01,                  NaN
    2.5390625000E-02,   -8.6800574085E-03,   -1.1083337979E-05,    7.8540027826E-01,                  NaN
    2.7343750000E-02,   -1.0058319643E-02,   -1.4749045827E-05,    7.8540027826E-01,                  NaN
    2.9296875000E-02,   -1.1540025467E-02,   -1.9251262070E-05,    7.8540027826E-01,                  NaN
    3.1250000000E-02,   -1.3125589278E-02,   -2.4707379644E-05,    7.8540027826E-01,                  NaN
    3.3203125000E-02,   -1.4815409871E-02,   -3.1242303251E-05,    7.8540027826E-01,                  NaN
    3.5156250000E-02,   -1.6609876823E-02,   -3.8988425945E-05,    7.8540027826E-01,                  NaN
    3.7109375000E-02,   -1.8509371138E-02,   -4.8085599390E-05,    7.8540027826E-01,                  NaN
    3.9062500000E-02,   -2.0514257869E-02,   -5.8681083694E-05,    7.8540027826E-01,                  NaN
    4.1015625000E-02,   -2.2624882089E-02,   -7.0929493815E-05,    7.8540027826E-01,                  NaN
    4.2968750000E-02,   -2.4841571474E-02,   -8.4992756907E-05,    7.8540027826E-01,                  NaN
    4.4921875000E-02,   -2.7164639314E-02,   -1.0104007175E-04,    7.8540027826E-01,                  NaN
    4.6875000000E-02,   -2.9594384090E-02,   -1.1924785729E-04,    7.8540027826E-01,                  NaN
    4.8828125000E-02,   -3.2131087114E-02,   -1.3979968953E-04,    7.8540027826E-01,                  NaN
    5.0781250000E-02,   -3.4775008882E-02,   -1.6288622568E-04,    7.8540027826E-01,                  NaN
    5.2734375000E-02,   -3.7526381868E-02,   -1.8870510269E-04,    7.8540027826E-01,                  NaN
    5.4687500000E-02,   -4.0385400164E-02,   -2.1746080274E-04,    7.8540027826E-01,                  NaN
    5.6640625000E-02,   -4.3352212729E-02,   -2.4936451074E-04,    7.8540027826E-01,                  NaN
    5.8593750000E-02,   -4.6426928398E-02,   -2.8463401533E-04,    7.8540027826E-01,                  NaN
    6.0546875000E-02,   -4.9609633549E-02,   -3.2349368776E-04,    7.8540027826E-01,                  NaN
    6.2500000000E-02,   -5.2900413073E-02,   -3.6617451569E-04,    7.8540027826E-01,                  NaN
    6.4453125000E-02,   -5.6299361368E-02,   -4.1291411649E-04,    7.8540027826E-01,                  NaN
    6.6406250000E-02,   -5.9806575608E-02,   -4.6395665086E-04,    7.8540027826E-01,                  NaN
    6.8359375000E-02,   -6.3422133889E-02,   -5.1955260600E-04,    7.8540027826E-01,                  NaN
    7.0312500000E-02,   -6.7146068460E-02,   -5.7995848159E-04,    7.8540027826E-01,                  NaN
    7.2265625000E-02,   -7.0978344992E-02,   -6.4543645143E-04,    7.8540027826E-01,                  NaN
    7.4218750000E-02,   -7.4918854031E-02,   -7.1625406998E-04,    7.8540027826E-01,                  NaN
    7.6171875000E-02,   -7.8967414579E-02,   -7.9268406020E-04,    7.8540027826E-01,                  NaN
    7.8125000000E-02,   -8.3123785586E-02,   -8.7500418047E-04,    7.8540027826E-01,                  NaN
    8.0078125000E-02,   -8.7387679962E-02,   -9.6349714195E-04,    7.8540027826E-01,                  NaN
    8.2031250000E-02,   -9.1758776663E-02,   -1.0584505377E-03,    7.8540027826E-01,                  NaN
    8.3984375000E-02,   -9.6236727963E-02,   -1.1601567459E-03,    7.8540027826E-01,                  NaN
    8.5937500000E-02,   -1.0082116058E-01,   -1.2689127756E-03,    7.8540027826E-01,                  NaN
    8.7890625000E-02,   -1.0551167064E-01,   -1.3850200358E-03,    7.8540027826E-01,                  NaN
    8.9843750000E-02,   -1.1030781379E-01,   -1.5087840228E-03,    7.8540027826E-01,                  NaN
    9.1796875000E-02,   -1.1520909281E-01,   -1.6405139372E-03,    7.8540027826E-01,                  NaN
    9.3750000000E-02,   -1.2021494578E-01,   -1.7805222632E-03,    7.8540027826E-01,                  NaN
    9.5703125000E-02,   -1.2532473749E-01,   -1.9291243456E-03,    7.8540027826E-01,                  NaN
    9.7656250000E-02,   -1.3053775603E-01,   -2.0866380025E-03,    7.8540027826E-01,                  NaN
    9.9609375000E-02,   -1.3585321450E-01,   -2.2533831942E-03,    7.8540027826E-01,                  NaN
    1.0156250000E-01,   -1.4127025629E-01,   -2.4296817446E-03,    7.8540027826E-01,                  NaN
    1.0351562500E-01,   -1.4678796145E-01,   -2.6158570932E-03,    7.8540027826E-01,                  NaN
    1.0546875000E-01,   -1.5240535087E-01,   -2.8122340323E-03,    7.8540027826E-01,                  NaN
    1.0742187500E-01,   -1.5812138602E-01,   -3.0191383858E-03,    7.8540027826E-01,                  NaN
    1.0937500000E-01,   -1.6393496280E-01,   -3.2368965869E-03,    7.8540027826E-01,                  NaN
    1.1132812500E-01,   -1.6984489967E-01,   -3.4658351329E-03,    7.8540027826E-01,                  NaN
    1.1328125000E-01,   -1.7584992150E-01,   -3.7062799151E-03,    7.8540027826E-01,                  NaN
    1.1523437500E-01,   -1.8194864150E-01,   -3.9585554449E-03,    7.8540027826E-01,                  NaN
    1.1718750000E-01,   -1.8813954407E-01,   -4.2229840150E-03,    7.8540027826E-01,                  NaN
    1.1914062500E-01,   -1.9442097168E-01,   -4.4998848534E-03,    7.8540027826E-01,                  NaN
    1.2109375000E-01,   -2.0079111811E-01,   -4.7895733293E-03,    7.8540027826E-01,                  NaN
    1.2304687500E-01,   -2.0724803018E-01,   -5.0923602782E-03,    7.8540027826E-01,                  NaN
    1.2500000000E-01,   -2.1378961903E-01,   -5.4085515034E-03,    7.8540027826E-01,                  NaN
    1.2695312500E-01,   -2.2041368078E-01,   -5.7384474977E-03,    7.8540027826E-01,                  NaN
    1.2890625000E-01,   -2.2711792552E-01,   -6.0823434089E-03,    7.8540027826E-01,                  NaN
    1.3085937500E-01,   -2.3390001184E-01,   -6.4405292342E-03,    7.8540027826E-01,                  NaN
    1.3281250000E-01,   -2.4075758302E-01,   -6.8132901879E-03,    7.8540027826E-01,                  NaN
    1.3476562500E-01,   -2.4768829939E-01,   -7.2009071355E-03,    7.8540027826E-01,                  NaN
    1.3671875000E-01,   -2.5468986059E-01,   -7.6036569304E-03,    7.8540027826E-01,                  NaN
    1.3867187500E-01,   -2.6176001085E-01,   -8.0218124418E-03,    7.8540027826E-01,                  NaN
    1.4062500000E-01,   -2.6889652079E-01,   -8.4556420277E-03,    7.8540027826E-01,                  NaN
    1.4257812500E-01,   -2.7609714034E-01,   -8.9054081934E-03,    7.8540027826E-01,                  NaN
    1.4453125000E-01,   -2.8335951983E-01,   -9.3713652022E-03,    7.8540027826E-01,                  NaN
    1.4648437500E-01,   -2.9068109910E-01,   -9.8537554608E-03,    7.8540027826E-01,                  NaN
    1.4843750000E-01,   -2.9805896820E-01,   -1.0352804600E-02,    7.8540027826E-01,                  NaN
    1.5039062500E-01,   -3.0548970707E-01,   -1.0868715295E-02,    7.8540027826E-01,                  NaN
    1.5234375000E-01,   -3.1296921477E-01,   -1.1401660016E-02,    7.8540027826E-01,                  NaN
    1.5429687500E-01,   -3.2049254178E-01,   -1.1951773032E-02,    7.8540027826E-01,                  NaN
    1.5625000000E-01,   -3.2805373995E-01,   -1.2519142139E-02,    7.8540027826E-01,                  NaN
    1.5820312500E-01,   -3.3564574472E-01,   -1.3103800645E-02,    7.8540027826E-01,                  NaN
    1.6015625000E-01,   -3.4326030285E-01,   -1.3705720225E-02,    7.8540027826E-01,                  NaN
    1.6210937500E-01,   -3.5088795560E-01,   -1.4324805209E-02,    7.8540027826E-01,                  NaN
    1.6406250000E-01,   -3.5851808362E-01,   -1.4960888842E-02,    7.8540027826E-01,                  NaN
    1.6601562500E-01,   -3.6613901478E-01,   -1.5613731895E-02,    7.8540027826E-01,                  NaN
    1.6796875000E-01,   -3.7373819162E-01,   -1.6283023884E-02,    7.8540027826E-01,                  NaN
    1.6992187500E-01,   -3.8130239036E-01,   -1.6968386944E-02,    7.8540027826E-01,                  NaN
    1.7187500000E-01,   -3.8881797985E-01,   -1.7669382242E-02,    7.8540027826E-01,                  NaN
    1.7382812500E-01,   -3.9627120589E-01,   -1.8385518621E-02,    7.8540027826E-01,                  NaN
    1.7578125000E-01,   -4.0364848532E-01,   -1.9116263027E-02,    7.8540027826E-01,                  NaN
    1.7773437500E-01,   -4.1093669384E-01,   -1.9861052165E-02,    7.8540027826E-01,                  NaN
    1.7968750000E-01,   -4.1812343289E-01,   -2.0619304766E-02,    7.8540027826E-01,                  NaN
    1.8164062500E-01,   -4.2519726293E-01,   -2.1390433837E-02,    7.8540027826E-01,                  NaN
    1.8359375000E-01,   -4.3214789327E-01,   -2.2173858293E-02,    7.8540027826E-01,                  NaN
    1.8554687500E-01,   -4.3896632207E-01,   -2.2969013448E-02,    7.8540027826E-01,                  NaN
    1.8750000000E-01,   -4.4564492344E-01,   -2.3775359951E-02,    7.8540027826E-01,                  NaN
    1.8945312500E-01,   -4.5217748167E-01,   -2.4592390848E-02,    7.8540027826E-01,                  NaN
    1.9140625000E-01,   -4.5855917595E-01,   -2.5419636609E-02,    7.8540027826E-01,                  NaN
    1.9335937500E-01,   -4.6478652084E-01,   -2.6256668079E-02,    7.8540027826E-01,                  NaN
    1.9531250000E-01,   -4.7085726966E-01,   -2.7103097407E-02,    7.8540027826E-01,                  NaN
    1.9726562500E-01,   -4.7677028918E-01,   -2.7958577138E-02,    7.8540027826E-01,                  NaN
    1.9921875000E-01,   -4.8252541420E-01,   -2.8822797705E-02,    7.8540027826E-01,                  NaN
    2.0117187500E-01,   -4.8812329062E-01,   -2.9695483631E-02,    7.8540027826E-01,                  NaN
    2.0312500000E-01,   -4.9356521491E-01,   -3.0576388748E-02,    7.8540027826E-01,                  NaN
    2.0507812500E-01,   -4.9885297697E-01,   -3.1465290795E-02,    7.8540027826E-01,                  NaN
    2.0703125000E-01,   -5.0398871220E-01,   -3.2361985685E-02,    7.8540027826E-01,                  NaN
    2.0898437500E-01,   -5.0897476712E-01,   -3.3266281744E-02,    7.8540027826E-01,                  NaN
    2.1093750000E-01,   -5.1381358160E-01,   -3.4177994169E-02,    7.8540027826E-01,                  NaN
    2.1289062500E-01,   -5.1850758955E-01,   -3.5096939891E-02,    7.8540027826E-01,                  NaN
    2.1484375000E-01,   -5.2305913863E-01,   -3.6022932994E-02,    7.8540027826E-01,                  NaN
    2.1679687500E-01,   -5.2747042861E-01,   -3.6955780791E-02,    7.8540027826E-01,                  NaN
    2.1875000000E-01,   -5.3174346730E-01,   -3.7895280590E-02,    7.8540027826E-01,                  NaN
    2.2070312500E-01,   -5.3588004244E-01,   -3.8841217181E-02,    7.8540027826E-01,                  NaN
    2.2265625000E-01,   -5.3988170740E-01,   -3.9793361002E-02,    7.8540027826E-01,                  NaN
    2.2460937500E-01,   -5.4374977872E-01,   -4.0751466948E-02,    7.8540027826E-01,                  NaN
    2.2656250000E-01,   -5.4748534313E-01,   -4.1715273768E-02,    7.8540027826E-01,                  NaN
    2.2851562500E-01,   -5.5108927203E-01,   -4.2684503961E-02,    7.8540027826E-01,                  NaN
    2.3046875000E-01,   -5.5456224151E-01,   -4.3658864103E-02,    7.8540027826E-01,                  NaN
    2.3242187500E-01,   -5.5790475603E-01,   -4.4638045535E-02,    7.8540027826E-01,                  NaN
    2.3437500000E-01,   -5.6111717441E-01,   -4.5621725315E-02,    7.8540027826E-01,                  NaN
    2.3632812500E-01,   -5.6419973667E-01,   -4.6609567391E-02,    7.8540027826E-01,                  NaN
    2.3828125000E-01,   -5.6715259086E-01,   -4.7601223897E-02,    7.8540027826E-01,                  NaN
    2.4023437500E-01,   -5.6997581879E-01,   -4.8596336543E-02,    7.8540027826E-01,                  NaN
    2.4218750000E-01,   -5.7266946024E-01,   -4.9594538024E-02,    7.8540027826E-01,                  NaN
    2.4414062500E-01,   -5.7523353504E-01,   -5.0595453421E-02,    7.8540027826E-01,                  NaN
    2.4609375000E-01,   -5.7766806289E-01,   -5.1598701555E-02,    7.8540027826E-01,                  NaN
    2.4804687500E-01,   -5.7997308073E-01,   -5.2603896273E-02,    7.8540027826E-01,                  NaN
    2.5000000000E-01,   -5.8214865775E-01,   -5.3610647655E-02,    7.8540027826E-01,                  NaN
    2.5195312500E-01,   -5.8419490829E-01,   -5.4618563155E-02,    7.8540027826E-01,                  NaN
    2.5390625000E-01,   -5.8611200290E-01,   -5.5627248666E-02,    7.8540027826E-01,                  NaN
    2.5585937500E-01,   -5.8790017796E-01,   -5.6636309559E-02,    7.8540027826E-01,                  NaN
    2.5781250000E-01,   -5.8955974422E-01,   -5.7645351700E-02,    7.8540027826E-01,                  NaN
    2.5976562500E-01,   -5.9109109484E-01,   -5.8653982494E-02,    7.8540027826E-01,                  NaN
    2.6171875000E-01,   -5.9249471305E-01,   -5.9661811975E-02,    7.8540027826E-01,                  NaN
    2.6367187500E-01,   -5.9377117997E-01,   -6.0668453978E-02,    7.8540027826E-01,                  NaN
    2.6562500000E-01,   -5.9492118257E-01,   -6.1673527410E-02,    7.8540027826E-01,                  NaN
    2.6757812500E-01,   -5.9594552189E-01,   -6.2676657614E-02,    7.8540027826E-01,                  NaN
    2.6953125000E-01,   -5.9684512140E-01,   -6.3677477847E-02,    7.8540027826E-01,                  NaN
    2.7148437500E-01,   -5.9762103532E-01,   -6.4675630817E-02,    7.8540027826E-01,                  NaN
    2.7343750000E-01,   -5.9827445644E-01,   -6.5670770279E-02,    7.8540027826E-01,                  NaN
    2.7539062500E-01,   -5.9880672322E-01,   -6.6662562608E-02,    7.8540027826E-01,                  NaN
    2.7734375000E-01,   -5.9921932559E-01,   -6.7650688338E-02,    7.8540027826E-01,                  NaN
    2.7929687500E-01,   -5.9951390912E-01,   -6.8634843570E-02,    7.8540027826E-01,                  NaN
    2.8125000000E-01,   -5.9969227733E-01,   -6.9614741234E-02,    7.8540027826E-01,                  NaN
    2.8320312500E-01,   -5.9975639173E-01,   -7.0590112137E-02,    7.8540027826E-01,                  NaN
    2.8515625000E-01,   -5.9970836982E-01,   -7.1560705796E-02,    7.8540027826E-01,                  NaN
    2.8710937500E-01,   -5.9955048104E-01,   -7.2526291030E-02,    7.8540027826E-01,                  NaN
    2.8906250000E-01,   -5.9928514118E-01,   -7.3486656362E-02,    7.8540027826E-01,                  NaN
    2.9101562500E-01,   -5.9891490568E-01,   -7.4441610253E-02,    7.8540027826E-01,                  NaN
    2.9296875000E-01,   -5.9844246281E-01,   -7.5390981279E-02,    7.8540027826E-01,                  NaN
    2.9492187500E-01,   -5.9787062750E-01,   -7.6334618350E-02,    7.8540027826E-01,                  NaN
    2.9687500000E-01,   -5.9720233693E-01,   -7.7272391102E-02,    7.8540027826E-01,                  NaN
    2.9882812500E-01,   -5.9644064906E-01,   -7.8204190632E-02,    7.8540027826E-01,                  NaN
    3.0078125000E-01,   -5.9558874504E-01,   -7.9129930735E-02,    7.8540027826E-01,                  NaN
    3.0273437500E-01,   -5.9464993662E-01,   -8.0049549816E-02,    7.8540027826E-01,                  NaN
    3.0468750000E-01,   -5.9362767932E-01,   -8.0963013628E-02,    7.8540027826E-01,                  NaN
    3.0664062500E-01,   -5.9252559189E-01,   -8.1870318988E-02,    7.8540027826E-01,                  NaN
    3.0859375000E-01,   -5.9134748230E-01,   -8.2771498557E-02,    7.8540027826E-01,                  NaN
    3.1054687500E-01,   -5.9009738007E-01,   -8.3666626728E-02,    7.8540027826E-01,                  NaN
    3.1250000000E-01,   -5.8877957425E-01,   -8.4555826640E-02,    7.8540027826E-01,                  NaN
    3.1445312500E-01,   -5.8739865598E-01,   -8.5439278194E-02,    7.8540027826E-01,                  NaN
    3.1640625000E-01,   -5.8595956402E-01,   -8.6317226955E-02,    7.8540027826E-01,                  NaN
    3.1835937500E-01,   -5.8446763111E-01,   -8.7189993664E-02,    7.8540027826E-01,                  NaN
    3.2031250000E-01,   -5.8292862894E-01,   -8.8057984066E-02,    7.8540027826E-01,                  NaN
    3.2226562500E-01,   -5.8134880869E-01,   -8.8921698660E-02,    7.8540027826E-01,                  NaN
    3.2421875000E-01,   -5.7973493457E-01,   -8.9781741929E-02,    7.8540027826E-01,                  NaN
    3.2617187500E-01,   -5.7809430720E-01,   -9.0638830559E-02,    7.8540027826E-01,                  NaN
    3.2812500000E-01,   -5.7643477425E-01,   -9.1493800164E-02,    7.8540027826E-01,                  NaN
    3.3007812500E-01,   -5.7476472574E-01,   -9.2347610015E-02,    7.8540027826E-01,                  NaN
    3.3203125000E-01,   -5.7309307222E-01,   -9.3201345320E-02,    7.8540027826E-01,                  NaN
    3.3398437500E-01,   -5.7142920435E-01,   -9.4056216685E-02,    7.8540027826E-01,                  NaN
    3.3593750000E-01,   -5.6978293350E-01,   -9.4913556441E-02,    7.8540027826E-01,                  NaN
    3.3789062500E-01,   -5.6816441349E-01,   -9.5774811673E-02,    7.8540027826E-01,                  NaN
    3.3984375000E-01,   -5.6658404483E-01,   -9.6641533904E-02,    7.8540027826E-01,                  NaN
    3.4179687500E-01,   -5.6505236341E-01,   -9.7515365529E-02,    7.8540027826E-01,                  NaN
    3.4375000000E-01,   -5.6357991661E-01,   -9.8398023247E-02,    7.8540027826E-01,                  NaN
    3.4570312500E-01,   -5.6217713033E-01,   -9.9291278885E-02,    7.8540027826E-01,                  NaN
    3.4765625000E-01,   -5.6085417127E-01,   -1.0019693813E-01,    7.8540027826E-01,                  NaN
    3.4960937500E-01,   -5.5962080870E-01,   -1.0111681781E-01,    7.8540027826E-01,                  NaN
    3.5156250000E-01,   -5.5848628063E-01,   -1.0205272236E-01,    7.8540027826E-01,                  NaN
    3.5351562500E-01,   -5.5745916889E-01,   -1.0300642044E-01,    7.8540027826E-01,                  NaN
    3.5546875000E-01,   -5.5654728730E-01,   -1.0397962211E-01,    7.8540027826E-01,                  NaN
    3.5742187500E-01,   -5.5575758687E-01,   -1.0497395779E-01,    7.8540027826E-01,                  NaN
    3.5937500000E-01,   -5.5509608111E-01,   -1.0599095920E-01,    7.8540027826E-01,                  NaN
    3.6132812500E-01,   -5.5456779377E-01,   -1.0703204333E-01,    7.8540027826E-01,                  NaN
    3.6328125000E-01,   -5.5417673028E-01,   -1.0809849959E-01,    7.8540027826E-01,                  NaN
    3.6523437500E-01,   -5.5392587368E-01,   -1.0919148073E-01,    7.8540027826E-01,                  NaN
    3.6718750000E-01,   -5.5381720418E-01,   -1.1031199754E-01,    7.8540027826E-01,                  NaN
    3.6914062500E-01,   -5.5385174131E-01,   -1.1146091757E-01,    7.8540027826E-01,                  NaN
    3.7109375000E-01,   -5.5402960627E-01,   -1.1263896768E-01,    7.8540027826E-01,                  NaN
    3.7304687500E-01,   -5.5435010192E-01,   -1.1384674008E-01,    7.8540027826E-01,                  NaN
    3.7500000000E-01,   -5.5481180681E-01,   -1.1508470171E-01,    7.8540027826E-01,                  NaN
    3.7695312500E-01,   -5.5541267981E-01,   -1.1635320637E-01,    7.8540027826E-01,                  NaN
    3.7890625000E-01,   -5.5615017141E-01,   -1.1765250901E-01,    7.8540027826E-01,                  NaN
    3.8085937500E-01,   -5.5702133795E-01,   -1.1898278172E-01,    7.8540027826E-01,                  NaN
    3.8281250000E-01,   -5.5802295498E-01,   -1.2034413067E-01,    7.8540027826E-01,                  NaN
    3.8476562500E-01,   -5.5915162657E-01,   -1.2173661352E-01,    7.8540027826E-01,                  NaN
    3.8671875000E-01,   -5.6040388744E-01,   -1.2316025656E-01,    7.8540027826E-01,                  NaN
    3.8867187500E-01,   -5.6177629563E-01,   -1.2461507124E-01,    7.8540027826E-01,                  NaN
    3.9062500000E-01,   -5.6326551362E-01,   -1.2610106939E-01,    7.8540027826E-01,                  NaN
    3.9257812500E-01,   -5.6486837670E-01,   -1.2761827699E-01,    7.8540027826E-01,                  NaN
    3.9453125000E-01,   -5.6658194771E-01,   -1.2916674599E-01,    7.8540027826E-01,                  NaN
    3.9648437500E-01,   -5.6840355800E-01,   -1.3074656410E-01,    7.8540027826E-01,                  NaN
    3.9843750000E-01,   -5.7033083483E-01,   -1.3235786234E-01,    7.8540027826E-01,                  NaN
    4.0039062500E-01,   -5.7236171585E-01,   -1.3400082042E-01,    7.8540027826E-01,                  NaN
    4.0234375000E-01,   -5.7449445175E-01,   -1.3567566987E-01,    7.8540027826E-01,                  NaN
    4.0429687500E-01,   -5.7672759836E-01,   -1.3738269514E-01,    7.8540027826E-01,                  NaN
    4.0625000000E-01,   -5.7905999966E-01,   -1.3912223280E-01,    7.8540027826E-01,                  NaN
    4.0820312500E-01,   -5.8149076331E-01,   -1.4089466899E-01,    7.8540027826E-01,                  NaN
    4.1015625000E-01,   -5.8401923029E-01,   -1.4270043542E-01,    7.8540027826E-01,                  NaN
    4.1210937500E-01,   -5.8664494018E-01,   -1.4454000414E-01,    7.8540027826E-01,                  NaN
    4.1406250000E-01,   -5.8936759366E-01,   -1.4641388137E-01,    7.8540027826E-01,                  NaN
    4.1601562500E-01,   -5.9218701342E-01,   -1.4832260049E-01,    7.8540027826E-01,                  NaN
    4.1796875000E-01,   -5.9510310477E-01,   -1.5026671463E-01,    7.8540027826E-01,                  NaN
    4.1992187500E-01,   -5.9811581683E-01,   -1.5224678889E-01,    7.8540027826E-01,                  NaN
    4.2187500000E-01,   -6.0122510516E-01,   -1.5426339244E-01,    7.8540027826E-01,                  NaN
    4.2382812500E-01,   -6.0443089652E-01,   -1.5631709063E-01,    7.8540027826E-01,                  NaN
    4.2578125000E-01,   -6.0773305600E-01,   -1.5840843728E-01,    7.8540027826E-01,                  NaN
    4.2773437500E-01,   -6.1113135702E-01,   -1.6053796715E-01,    7.8540027826E-01,                  NaN
    4.2968750000E-01,   -6.1462545432E-01,   -1.6270618885E-01,    7.8540027826E-01,                  NaN
    4.3164062500E-01,   -6.1821485999E-01,   -1.6491357796E-01,    7.8540027826E-01,                  NaN
    4.3359375000E-01,   -6.2189892263E-01,   -1.6716057073E-01,    7.8540027826E-01,                  NaN
    4.3554687500E-01,   -6.2567680944E-01,   -1.6944755811E-01,    7.8540027826E-01,                  NaN
    4.3750000000E-01,   -6.2954749143E-01,   -1.7177488036E-01,    7.8540027826E-01,                  NaN
    4.3945312500E-01,   -6.3350973140E-01,   -1.7414282205E-01,    7.8540027826E-01,                  NaN
    4.4140625000E-01,   -6.3756207464E-01,   -1.7655160759E-01,    7.8540027826E-01,                  NaN
    4.4335937500E-01,   -6.4170284236E-01,   -1.7900139731E-01,    7.8540027826E-01,                  NaN
    4.4531250000E-01,   -6.4593012739E-01,   -1.8149228391E-01,    7.8540027826E-01,                  NaN
    4.4726562500E-01,   -6.5024179232E-01,   -1.8402428950E-01,    7.8540027826E-01,                  NaN
    4.4921875000E-01,   -6.5463546955E-01,   -1.8659736304E-01,    7.8540027826E-01,                  NaN
    4.5117187500E-01,   -6.5910856310E-01,   -1.8921137815E-01,    7.8540027826E-01,                  NaN
    4.5312500000E-01,   -6.6365825198E-01,   -1.9186613142E-01,    7.8540027826E-01,                  NaN
    4.5507812500E-01,   -6.6828149446E-01,   -1.9456134082E-01,    7.8540027826E-01,                  NaN
    4.5703125000E-01,   -6.7297503311E-01,   -1.9729664447E-01,    7.8540027826E-01,                  NaN
    4.5898437500E-01,   -6.7773540001E-01,   -2.0007159947E-01,    7.8540027826E-01,                  NaN
    4.6093750000E-01,   -6.8255892157E-01,   -2.0288568069E-01,    7.8540027826E-01,                  NaN
    4.6289062500E-01,   -6.8744172267E-01,   -2.0573827953E-01,    7.8540027826E-01,                  NaN
    4.6484375000E-01,   -6.9237972940E-01,   -2.0862870233E-01,    7.8540027826E-01,                  NaN
    4.6679687500E-01,   -6.9736867013E-01,   -2.1155616853E-01,    7.8540027826E-01,                  NaN
    4.6875000000E-01,   -7.0240407447E-01,   -2.1451980833E-01,    7.8540027826E-01,                  NaN
    4.7070312500E-01,   -7.0748126989E-01,   -2.1751865979E-01,    7.8540027826E-01,                  NaN
    4.7265625000E-01,   -7.1259537582E-01,   -2.2055166541E-01,    7.8540027826E-01,                  NaN
    4.7460937500E-01,   -7.1774129530E-01,   -2.2361766807E-01,    7.8540027826E-01,                  NaN
    4.7656250000E-01,   -7.2291370444E-01,   -2.2671540640E-01,    7.8540027826E-01,                  NaN
    4.7851562500E-01,   -7.2810703994E-01,   -2.2984350971E-01,    7.8540027826E-01,                  NaN
    4.8046875000E-01,   -7.3331548537E-01,   -2.3300049255E-01,    7.8540027826E-01,                  NaN
    4.8242187500E-01,   -7.3853295695E-01,   -2.3618474909E-01,    7.8540027826E-01,                  NaN
    4.8437500000E-01,   -7.4375308974E-01,   -2.3939454764E-01,    7.8540027826E-01,                  NaN
    4.8632812500E-01,   -7.4896922527E-01,   -2.4262802548E-01,    7.8540027826E-01,                  NaN
    4.8828125000E-01,   -7.5417440194E-01,   -2.4588318446E-01,    7.8540027826E-01,                  NaN
    4.9023437500E-01,   -7.5936134914E-01,   -2.4915788757E-01,    7.8540027826E-01,                  NaN
    4.9218750000E-01,   -7.6452248661E-01,   -2.5244985698E-01,    7.8540027826E-01,                  NaN
    4.9414062500E-01,   -7.6964992995E-01,   -2.5575667387E-01,    7.8540027826E-01,                  NaN
    4.9609375000E-01,   -7.7473550358E-01,   -2.5907578035E-01,    7.8540027826E-01,                  NaN
    4.9804687500E-01,   -7.7977076176E-01,   -2.6240448391E-01,    7.8540027826E-01,                  NaN
    5.0000000000E-01,   -7.8474701865E-01,   -2.6573996451E-01,    7.8540027826E-01,                  NaN
    5.0195312500E-01,   -7.8965538746E-01,   -2.6907928464E-01,    7.8540027826E-01,                  NaN
    5.0390625000E-01,   -7.9448682907E-01,   -2.7241940236E-01,    7.8540027826E-01,                  NaN
    5.0585937500E-01,   -7.9923220965E-01,   -2.7575718744E-01,    7.8540027826E-01,                  NaN
    5.0781250000E-01,   -8.0388236674E-01,   -2.7908944040E-01,    7.8540027826E-01,                  NaN
    5.0976562500E-01,   -8.0842818281E-01,   -2.8241291438E-01,    7.8540027826E-01,                  NaN
    5.1171875000E-01,   -8.1286066504E-01,   -2.8572433939E-01,    7.8540027826E-01,                  NaN
    5.1367187500E-01,   -8.1717102953E-01,   -2.8902044867E-01,    7.8540027826E-01,                  NaN
    5.1562500000E-01,   -8.2135078828E-01,   -2.9229800658E-01,    7.8540027826E-01,                  NaN
    5.1757812500E-01,   -8.2539183668E-01,   -2.9555383744E-01,    7.8540027826E-01,                  NaN
    5.1953125000E-01,   -8.2928653936E-01,   -2.9878485465E-01,    7.8540027826E-01,                  NaN
    5.2148437500E-01,   -8.3302781208E-01,   -3.0198808946E-01,    7.8540027826E-01,                  NaN
    5.2343750000E-01,   -8.3660919739E-01,   -3.0516071850E-01,    7.8540027826E-01,                  NaN
    5.2539062500E-01,   -8.4002493197E-01,   -3.0830008958E-01,    7.8540027826E-01,                  NaN
    5.2734375000E-01,   -8.4327000350E-01,   -3.1140374489E-01,    7.8540027826E-01,                  NaN
    5.2929687500E-01,   -8.4634019560E-01,   -3.1446944101E-01,    7.8540027826E-01,                  NaN
    5.3125000000E-01,   -8.4923211921E-01,   -3.1749516519E-01,    7.8540027826E-01,                  NaN
    5.3320312500E-01,   -8.5194322952E-01,   -3.2047914747E-01,    7.8540027826E-01,                  NaN
    5.3515625000E-01,   -8.5447182793E-01,   -3.2341986818E-01,    7.8540027826E-01,                  NaN
    5.3710937500E-01,   -8.5681704880E-01,   -3.2631606081E-01,    7.8540027826E-01,                  NaN
    5.3906250000E-01,   -8.5897883132E-01,   -3.2916670995E-01,    7.8540027826E-01,                  NaN
    5.4101562500E-01,   -8.6095787737E-01,   -3.3197104458E-01,    7.8540027826E-01,                  NaN
    5.4296875000E-01,   -8.6275559645E-01,   -3.3472852678E-01,    7.8540027826E-01,                  NaN
    5.4492187500E-01,   -8.6437403922E-01,   -3.3743883630E-01,    7.8540027826E-01,                  NaN
    5.4687500000E-01,   -8.6581582163E-01,   -3.4010185139E-01,    7.8540027826E-01,                  NaN
    5.4882812500E-01,   -8.6708404165E-01,   -3.4271762654E-01,    7.8540027826E-01,                  NaN
    5.5078125000E-01,   -8.6818219088E-01,   -3.4528636771E-01,    7.8540027826E-01,                  NaN
    5.5273437500E-01,   -8.6911406346E-01,   -3.4780840582E-01,    7.8540027826E-01,                  NaN
    5.5468750000E-01,   -8.6988366470E-01,   -3.5028416918E-01,    7.8540027826E-01,                  NaN
    5.5664062500E-01,   -8.7049512159E-01,   -3.5271415574E-01,    7.8540027826E-01,                  NaN
    5.5859375000E-01,   -8.7095259758E-01,   -3.5509890573E-01,    7.8540027826E-01,                  NaN
    5.6054687500E-01,   -8.7126021339E-01,   -3.5743897560E-01,    7.8540027826E-01,                  NaN
    5.6250000000E-01,   -8.7142197568E-01,   -3.5973491369E-01,    7.8540027826E-01,                  NaN
    5.6445312500E-01,   -8.7144171503E-01,   -3.6198723836E-01,    7.8540027826E-01,                  NaN
    5.6640625000E-01,   -8.7132303407E-01,   -3.6419641895E-01,    7.8540027826E-01,                  NaN
    5.6835937500E-01,   -8.7106926683E-01,   -3.6636285998E-01,    7.8540027826E-01,                  NaN
    5.7031250000E-01,   -8.7068344933E-01,   -3.6848688886E-01,    7.8540027826E-01,                  NaN
    5.7226562500E-01,   -8.7016830173E-01,   -3.7056874719E-01,    7.8540027826E-01,                  NaN
    5.7421875000E-01,   -8.6952622161E-01,   -3.7260858577E-01,    7.8540027826E-01,                  NaN
    5.7617187500E-01,   -8.6875928783E-01,   -3.7460646320E-01,    7.8540027826E-01,                  NaN
    5.7812500000E-01,   -8.6786927416E-01,   -3.7656234793E-01,    7.8540027826E-01,                  NaN
    5.8007812500E-01,   -8.6685767170E-01,   -3.7847612350E-01,    7.8540027826E-01,                  NaN
    5.8203125000E-01,   -8.6572571883E-01,   -3.8034759669E-01,    7.8540027826E-01,                  NaN
    5.8398437500E-01,   -8.6447443746E-01,   -3.8217650817E-01,    7.8540027826E-01,                  NaN
    5.8593750000E-01,   -8.6310467418E-01,   -3.8396254527E-01,    7.8540027826E-01,                  NaN
    5.8789062500E-01,   -8.6161714502E-01,   -3.8570535640E-01,    7.8540027826E-01,                  NaN
    5.8984375000E-01,   -8.6001248230E-01,   -3.8740456679E-01,    7.8540027826E-01,                  NaN
    5.9179687500E-01,   -8.5829128252E-01,   -3.8905979492E-01,    7.8540027826E-01,                  NaN
    5.9375000000E-01,   -8.5645415383E-01,   -3.9067066936E-01,    7.8540027826E-01,                  NaN
    5.9570312500E-01,   -8.5450176223E-01,   -3.9223684562E-01,    7.8540027826E-01,                  NaN
    5.9765625000E-01,   -8.5243487534E-01,   -3.9375802252E-01,    7.8540027826E-01,                  NaN
    5.9960937500E-01,   -8.5025440310E-01,   -3.9523395790E-01,    7.8540027826E-01,                  NaN
    6.0156250000E-01,   -8.4796143471E-01,   -3.9666448330E-01,    7.8540027826E-01,                  NaN
    6.0351562500E-01,   -8.4555727119E-01,   -3.9804951740E-01,    7.8540027826E-01,                  NaN
    6.0546875000E-01,   -8.4304345348E-01,   -3.9938907811E-01,    7.8540027826E-01,                  NaN
    6.0742187500E-01,   -8.4042178565E-01,   -4.0068329308E-01,    7.8540027826E-01,                  NaN
    6.0937500000E-01,   -8.3769435340E-01,   -4.0193240866E-01,    7.8540027826E-01,                  NaN
    6.1132812500E-01,   -8.3486353773E-01,   -4.0313679718E-01,    7.8540027826E-01,                  NaN
    6.1328125000E-01,   -8.3193202425E-01,   -4.0429696279E-01,    7.8540027826E-01,                  NaN
    6.1523437500E-01,   -8.2890280821E-01,   -4.0541354565E-01,    7.8540027826E-01,                  NaN
    6.1718750000E-01,   -8.2577919590E-01,   -4.0648732481E-01,    7.8540027826E-01,                  NaN
    6.1914062500E-01,   -8.2256480263E-01,   -4.0751921986E-01,    7.8540027826E-01,                  NaN
    6.2109375000E-01,   -8.1926354818E-01,   -4.0851029149E-01,    7.8540027826E-01,                  NaN
    6.2304687500E-01,   -8.1587964986E-01,   -4.0946174122E-01,    7.8540027826E-01,                  NaN
    6.2500000000E-01,   -8.1241761420E-01,   -4.1037491045E-01,    7.8540027826E-01,                  NaN
    6.2695312500E-01,   -8.0888222741E-01,   -4.1125127908E-01,    7.8540027826E-01,                  NaN
    6.2890625000E-01,   -8.0527854549E-01,   -4.1209246395E-01,    7.8540027826E-01,                  NaN
    6.3085937500E-01,   -8.0161188423E-01,   -4.1290021717E-01,    7.8540027826E-01,                  NaN
    6.3281250000E-01,   -7.9788780958E-01,   -4.1367642462E-01,    7.8540027826E-01,                  NaN
    6.3476562500E-01,   -7.9411212876E-01,   -4.1442310479E-01,    7.8540027826E-01,                  NaN
    6.3671875000E-01,   -7.9029088215E-01,   -4.1514240792E-01,    7.8540027826E-01,                  NaN
    6.3867187500E-01,   -7.8643033627E-01,   -4.1583661557E-01,    7.8540027826E-01,                  NaN
    6.4062500000E-01,   -7.8253697757E-01,   -4.1650814070E-01,    7.8540027826E-01,                  NaN
    6.4257812500E-01,   -7.7861750706E-01,   -4.1715952809E-01,    7.8540027826E-01,                  NaN
    6.4453125000E-01,   -7.7467883543E-01,   -4.1779345497E-01,    7.8540027826E-01,                  NaN
    6.4648437500E-01,   -7.7072807817E-01,   -4.1841273186E-01,    7.8540027826E-01,                  NaN
    6.4843750000E-01,   -7.6677255034E-01,   -4.1902030323E-01,    7.8540027826E-01,                  NaN
    6.5039062500E-01,   -7.6281976029E-01,   -4.1961924774E-01,    7.8540027826E-01,                  NaN
    6.5234375000E-01,   -7.5887740169E-01,   -4.2021277786E-01,    7.8540027826E-01,                  NaN
    6.5429687500E-01,   -7.5495334323E-01,   -4.2080423843E-01,    7.8540027826E-01,                  NaN
    6.5625000000E-01,   -7.5105561532E-01,   -4.2139710385E-01,    7.8540027826E-01,                  NaN
    6.5820312500E-01,   -7.4719239305E-01,   -4.2199497351E-01,    7.8540027826E-01,                  NaN
    6.6015625000E-01,   -7.4337197492E-01,   -4.2260156529E-01,    7.8540027826E-01,                  NaN
    6.6210937500E-01,   -7.3960275682E-01,   -4.2322070655E-01,    7.8540027826E-01,                  NaN
    6.6406250000E-01,   -7.3589320085E-01,   -4.2385632267E-01,    7.8540027826E-01,                  NaN
    6.6601562500E-01,   -7.3225179896E-01,   -4.2451242273E-01,    7.8540027826E-01,                  NaN
    6.6796875000E-01,   -7.2868703107E-01,   -4.2519308231E-01,    7.8540027826E-01,                  NaN
    6.6992187500E-01,   -7.2520731828E-01,   -4.2590242341E-01,    7.8540027826E-01,                  NaN
    6.7187500000E-01,   -7.2182097109E-01,   -4.2664459151E-01,    7.8540027826E-01,                  NaN
    6.7382812500E-01,   -7.1853613365E-01,   -4.2742373004E-01,    7.8540027826E-01,                  NaN
    6.7578125000E-01,   -7.1536072448E-01,   -4.2824395245E-01,    7.8540027826E-01,                  NaN
    6.7773437500E-01,   -7.1230237487E-01,   -4.2910931230E-01,    7.8540027826E-01,                  NaN
    6.7968750000E-01,   -7.0936836600E-01,   -4.3002377190E-01,    7.8540027826E-01,                  NaN
    6.8164062500E-01,   -7.0656556602E-01,   -4.3099117004E-01,    7.8540027826E-01,                  NaN
    6.8359375000E-01,   -7.0390036860E-01,   -4.3201518941E-01,    7.8540027826E-01,                  NaN
    6.8554687500E-01,   -7.0137863419E-01,   -4.3309932446E-01,    7.8540027826E-01,                  NaN
    6.8750000000E-01,   -6.9900563557E-01,   -4.3424685036E-01,    7.8540027826E-01,                  NaN
    6.8945312500E-01,   -6.9678600899E-01,   -4.3546079393E-01,    7.8540027826E-01,                  NaN
    6.9140625000E-01,   -6.9472371233E-01,   -4.3674390705E-01,    7.8540027826E-01,                  NaN
    6.9335937500E-01,   -6.9282199133E-01,   -4.3809864343E-01,    7.8540027826E-01,                  NaN
    6.9531250000E-01,   -6.9108335501E-01,   -4.3952713928E-01,    7.8540027826E-01,                  NaN
    6.9726562500E-01,   -6.8950956109E-01,   -4.4103119840E-01,    7.8540027826E-01,                  NaN
    6.9921875000E-01,   -6.8810161195E-01,   -4.4261228220E-01,    7.8540027826E-01,                  NaN
    7.0117187500E-01,   -6.8685976143E-01,   -4.4427150494E-01,    7.8540027826E-01,                  NaN
    7.0312500000E-01,   -6.8578353259E-01,   -4.4600963436E-01,    7.8540027826E-01,                  NaN
    7.0507812500E-01,   -6.8487174611E-01,   -4.4782709779E-01,    7.8540027826E-01,                  NaN
    7.0703125000E-01,   -6.8412255887E-01,   -4.4972399365E-01,    7.8540027826E-01,                  NaN
    7.0898437500E-01,   -6.8353351187E-01,   -4.5170010807E-01,    7.8540027826E-01,                  NaN
    7.1093750000E-01,   -6.8310158652E-01,   -4.5375493632E-01,    7.8540027826E-01,                  NaN
    7.1289062500E-01,   -6.8282326803E-01,   -4.5588770845E-01,    7.8540027826E-01,                  NaN
    7.1484375000E-01,   -6.8269461448E-01,   -4.5809741867E-01,    7.8540027826E-01,                  NaN
    7.1679687500E-01,   -6.8271132999E-01,   -4.6038285764E-01,    7.8540027826E-01,                  NaN
    7.1875000000E-01,   -6.8286884036E-01,   -4.6274264686E-01,    7.8540027826E-01,                  NaN
    7.2070312500E-01,   -6.8316236948E-01,   -4.6517527454E-01,    7.8540027826E-01,                  NaN
    7.2265625000E-01,   -6.8358701481E-01,   -4.6767913175E-01,    7.8540027826E-01,                  NaN
    7.2460937500E-01,   -6.8413782022E-01,   -4.7025254826E-01,    7.8540027826E-01,                  NaN
    7.2656250000E-01,   -6.8480984475E-01,   -4.7289382714E-01,    7.8540027826E-01,                  NaN
    7.2851562500E-01,   -6.8559822579E-01,   -4.7560127718E-01,    7.8540027826E-01,                  NaN
    7.3046875000E-01,   -6.8649823545E-01,   -4.7837324262E-01,    7.8540027826E-01,                  NaN
    7.3242187500E-01,   -6.8750532908E-01,   -4.8120812938E-01,    7.8540027826E-01,                  NaN
    7.3437500000E-01,   -6.8861518517E-01,   -4.8410442730E-01,    7.8540027826E-01,                  NaN
    7.3632812500E-01,   -6.8982373597E-01,   -4.8706072794E-01,    7.8540027826E-01,                  NaN
    7.3828125000E-01,   -6.9112718864E-01,   -4.9007573770E-01,    7.8540027826E-01,                  NaN
    7.4023437500E-01,   -6.9252203664E-01,   -4.9314828598E-01,    7.8540027826E-01,                  NaN
    7.4218750000E-01,   -6.9400506186E-01,   -4.9627732841E-01,    7.8540027826E-01,                  NaN
    7.4414062500E-01,   -6.9557332753E-01,   -4.9946194522E-01,    7.8540027826E-01,                  NaN
    7.4609375000E-01,   -6.9722416279E-01,   -5.0270133494E-01,    7.8540027826E-01,                  NaN
    7.4804687500E-01,   -6.9895513955E-01,   -5.0599480377E-01,    7.8540027826E-01,                  NaN
    7.5000000000E-01,   -7.0076404272E-01,   -5.0934175096E-01,    7.8540027826E-01,                  NaN
    7.5195312500E-01,   -7.0264883476E-01,   -5.1274165076E-01,    7.8540027826E-01,                  NaN
    7.5390625000E-01,   -7.0460761569E-01,   -5.1619403153E-01,    7.8540027826E-01,                  NaN
    7.5585937500E-01,   -7.0663857993E-01,   -5.1969845247E-01,    7.8540027826E-01,                  NaN
    7.5781250000E-01,   -7.0873997098E-01,   -5.2325447874E-01,    7.8540027826E-01,                  NaN
    7.5976562500E-01,   -7.1091003521E-01,   -5.2686165560E-01,    7.8540027826E-01,                  NaN
    7.6171875000E-01,   -7.1314697597E-01,   -5.3051948201E-01,    7.8540027826E-01,                  NaN
    7.6367187500E-01,   -7.1544890899E-01,   -5.3422738464E-01,    7.8540027826E-01,                  NaN
    7.6562500000E-01,   -7.1781382000E-01,   -5.3798469249E-01,    7.8540027826E-01,                  NaN
    7.6757812500E-01,   -7.2023952557E-01,   -5.4179061288E-01,    7.8540027826E-01,                  NaN
    7.6953125000E-01,   -7.2272363763E-01,   -5.4564420912E-01,    7.8540027826E-01,                  NaN
    7.7148437500E-01,   -7.2526353243E-01,   -5.4954438030E-01,    7.8540027826E-01,                  NaN
    7.7343750000E-01,   -7.2785632416E-01,   -5.5348984348E-01,    7.8540027826E-01,                  NaN
    7.7539062500E-01,   -7.3049884359E-01,   -5.5747911843E-01,    7.8540027826E-01,                  NaN
    7.7734375000E-01,   -7.3318762171E-01,   -5.6151051512E-01,    7.8540027826E-01,                  NaN
    7.7929687500E-01,   -7.3591887843E-01,   -5.6558212406E-01,    7.8540027826E-01,                  NaN
    7.8125000000E-01,   -7.3868851606E-01,   -5.6969180924E-01,    7.8540027826E-01,                  NaN
    7.8320312500E-01,   -7.4149211743E-01,   -5.7383720396E-01,    7.8540027826E-01,                  NaN
    7.8515625000E-01,   -7.4432494805E-01,   -5.7801570901E-01,    7.8540027826E-01,                  NaN
    7.8710937500E-01,   -7.4718196224E-01,   -5.8222449336E-01,    7.8540027826E-01,                  NaN
    7.8906250000E-01,   -7.5005781236E-01,   -5.8646049695E-01,    7.8540027826E-01,                  NaN
    7.9101562500E-01,   -7.5294686096E-01,   -5.9072043540E-01,    7.8540027826E-01,                  NaN
    7.9296875000E-01,   -7.5584319524E-01,   -5.9500080643E-01,    7.8540027826E-01,                  NaN
    7.9492187500E-01,   -7.5874064336E-01,   -5.9929789774E-01,    7.8540027826E-01,                  NaN
    7.9687500000E-01,   -7.6163279219E-01,   -6.0360779615E-01,    7.8540027826E-01,                  NaN
    7.9882812500E-01,   -7.6451300624E-01,   -6.0792639777E-01,    7.8540027826E-01,                  NaN
    8.0078125000E-01,   -7.6737444736E-01,   -6.1224941912E-01,    7.8540027826E-01,                  NaN
    8.0273437500E-01,   -7.7021009505E-01,   -6.1657240904E-01,    7.8540027826E-01,                  NaN
    8.0468750000E-01,   -7.7301276742E-01,   -6.2089076130E-01,    7.8540027826E-01,                  NaN
    8.0664062500E-01,   -7.7577514248E-01,   -6.2519972796E-01,    7.8540027826E-01,                  NaN
    8.0859375000E-01,   -7.7848978010E-01,   -6.2949443344E-01,    7.8540027826E-01,                  NaN
    8.1054687500E-01,   -7.8114914458E-01,   -6.3376988931E-01,    7.8540027826E-01,                  NaN
    8.1250000000E-01,   -7.8374562807E-01,   -6.3802100994E-01,    7.8540027826E-01,                  NaN
    8.1445312500E-01,   -7.8627157505E-01,   -6.4224262919E-01,    7.8540027826E-01,                  NaN
    8.1640625000E-01,   -7.8871930808E-01,   -6.4642951802E-01,    7.8540027826E-01,                  NaN
    8.1835937500E-01,   -7.9108115515E-01,   -6.5057640338E-01,    7.8540027826E-01,                  NaN
    8.2031250000E-01,   -7.9334947872E-01,   -6.5467798831E-01,    7.8540027826E-01,                  NaN
    8.2226562500E-01,   -7.9551670670E-01,   -6.5872897345E-01,    7.8540027826E-01,                  NaN
    8.2421875000E-01,   -7.9757536556E-01,   -6.6272407993E-01,    7.8540027826E-01,                  NaN
    8.2617187500E-01,   -7.9951811544E-01,   -6.6665807364E-01,    7.8540027826E-01,                  NaN
    8.2812500000E-01,   -8.0133778734E-01,   -6.7052579084E-01,    7.8540027826E-01,                  NaN
    8.3007812500E-01,   -8.0302742222E-01,   -6.7432216498E-01,    7.8540027826E-01,                  NaN
    8.3203125000E-01,   -8.0458031166E-01,   -6.7804225464E-01,    7.8540027826E-01,                  NaN
    8.3398437500E-01,   -8.0599003978E-01,   -6.8168127215E-01,    7.8540027826E-01,                  NaN
    8.3593750000E-01,   -8.0725052596E-01,   -6.8523461279E-01,    7.8540027826E-01,                  NaN
    8.3789062500E-01,   -8.0835606762E-01,   -6.8869788413E-01,    7.8540027826E-01,                  NaN
    8.3984375000E-01,   -8.0930138252E-01,   -6.9206693497E-01,    7.8540027826E-01,                  NaN
    8.4179687500E-01,   -8.1008164982E-01,   -6.9533788370E-01,    7.8540027826E-01,                  NaN
    8.4375000000E-01,   -8.1069254900E-01,   -6.9850714530E-01,    7.8540027826E-01,                  NaN
    8.4570312500E-01,   -8.1113029586E-01,   -7.0157145665E-01,    7.8540027826E-01,                  NaN
    8.4765625000E-01,   -8.1139167473E-01,   -7.0452789954E-01,    7.8540027826E-01,                  NaN
    8.4960937500E-01,   -8.1147406620E-01,   -7.0737392103E-01,    7.8540027826E-01,                  NaN
    8.5156250000E-01,   -8.1137546932E-01,   -7.1010735050E-01,    7.8540027826E-01,                  NaN
    8.5351562500E-01,   -8.1109451797E-01,   -7.1272641309E-01,    7.8540027826E-01,                  NaN
    8.5546875000E-01,   -8.1063049050E-01,   -7.1522973923E-01,    7.8540027826E-01,                  NaN
    8.5742187500E-01,   -8.0998331232E-01,   -7.1761636979E-01,    7.8540027826E-01,                  NaN
    8.5937500000E-01,   -8.0915355119E-01,   -7.1988575679E-01,    7.8540027826E-01,                  NaN
    8.6132812500E-01,   -8.0814240497E-01,   -7.2203775957E-01,    7.8540027826E-01,                  NaN
    8.6328125000E-01,   -8.0695168179E-01,   -7.2407263623E-01,    7.8540027826E-01,                  NaN
    8.6523437500E-01,   -8.0558377308E-01,   -7.2599103065E-01,    7.8540027826E-01,                  NaN
    8.6718750000E-01,   -8.0404161951E-01,   -7.2779395513E-01,    7.8540027826E-01,                  NaN
    8.6914062500E-01,   -8.0232867072E-01,   -7.2948276895E-01,    7.8540027826E-01,                  NaN
    8.7109375000E-01,   -8.0044883924E-01,   -7.3105915339E-01,    7.8540027826E-01,                  NaN
    8.7304687500E-01,   -7.9840644970E-01,   -7.3252508345E-01,    7.8540027826E-01,                  NaN
    8.7500000000E-01,   -7.9620618414E-01,   -7.3388279696E-01,    7.8540027826E-01,                  NaN
    8.7695312500E-01,   -7.9385302446E-01,   -7.3513476171E-01,    7.8540027826E-01,                  NaN
    8.7890625000E-01,   -7.9135219327E-01,   -7.3628364105E-01,    7.8540027826E-01,                  NaN
    8.8085937500E-01,   -7.8870909417E-01,   -7.3733225893E-01,    7.8540027826E-01,                  NaN
    8.8281250000E-01,   -7.8592925267E-01,   -7.3828356475E-01,    7.8540027826E-01,                  NaN
    8.8476562500E-01,   -7.8301825889E-01,   -7.3914059899E-01,    7.8540027826E-01,                  NaN
    8.8671875000E-01,   -7.7998171324E-01,   -7.3990646007E-01,    7.8540027826E-01,                  NaN
    8.8867187500E-01,   -7.7682517584E-01,   -7.4058427321E-01,    7.8540027826E-01,                  NaN
    8.9062500000E-01,   -7.7355412095E-01,   -7.4117716171E-01,    7.8540027826E-01,                  NaN
    8.9257812500E-01,   -7.7017389679E-01,   -7.4168822133E-01,    7.8540027826E-01,                  NaN
    8.9453125000E-01,   -7.6668969176E-01,   -7.4212049801E-01,    7.8540027826E-01,                  NaN
    8.9648437500E-01,   -7.6310650718E-01,   -7.4247696934E-01,    7.8540027826E-01,                  NaN
    8.9843750000E-01,   -7.5942913710E-01,   -7.4276052993E-01,    7.8540027826E-01,                  NaN
    9.0039062500E-01,   -7.5566215514E-01,   -7.4297398093E-01,    7.8540027826E-01,                  NaN
    9.0234375000E-01,   -7.5180990834E-01,   -7.4312002357E-01,    7.8540027826E-01,                  NaN
    9.0429687500E-01,   -7.4787651788E-01,   -7.4320125673E-01,    7.8540027826E-01,                  NaN
    9.0625000000E-01,   -7.4386588613E-01,   -7.4322017831E-01,    7.8540027826E-01,                  NaN
    9.0820312500E-01,   -7.3978170971E-01,   -7.4317919024E-01,    7.8540027826E-01,                  NaN
    9.1015625000E-01,   -7.3562749775E-01,   -7.4308060665E-01,    7.8540027826E-01,                  NaN
    9.1210937500E-01,   -7.3140659466E-01,   -7.4292666483E-01,    7.8540027826E-01,                  NaN
    9.1406250000E-01,   -7.2712220663E-01,   -7.4271953862E-01,    7.8540027826E-01,                  NaN
    9.1601562500E-01,   -7.2277743089E-01,   -7.4246135357E-01,    7.8540027826E-01,                  NaN
    9.1796875000E-01,   -7.1837528699E-01,   -7.4215420344E-01,    7.8540027826E-01,                  NaN
    9.1992187500E-01,   -7.1391874900E-01,   -7.4180016751E-01,    7.8540027826E-01,                  NaN
    9.2187500000E-01,   -7.0941077793E-01,   -7.4140132817E-01,    7.8540027826E-01,                  NaN
    9.2382812500E-01,   -7.0485435348E-01,   -7.4095978828E-01,    7.8540027826E-01,                  NaN
    9.2578125000E-01,   -7.0025250430E-01,   -7.4047768783E-01,    7.8540027826E-01,                  NaN
    9.2773437500E-01,   -6.9560833624E-01,   -7.3995721953E-01,    7.8540027826E-01,                  NaN
    9.2968750000E-01,   -6.9092505788E-01,   -7.3940064299E-01,    7.8540027826E-01,                  NaN
    9.3164062500E-01,   -6.8620600289E-01,   -7.3881029709E-01,    7.8540027826E-01,                  NaN
    9.3359375000E-01,   -6.8145464892E-01,   -7.3818861042E-01,    7.8540027826E-01,                  NaN
    9.3554687500E-01,   -6.7667463274E-01,   -7.3753810965E-01,    7.8540027826E-01,                  NaN
    9.3750000000E-01,   -6.7186976151E-01,   -7.3686142557E-01,    7.8540027826E-01,                  NaN
    9.3945312500E-01,   -6.6704402011E-01,   -7.3616129704E-01,    7.8540027826E-01,                  NaN
    9.4140625000E-01,   -6.6220157462E-01,   -7.3544057264E-01,    7.8540027826E-01,                  NaN
    9.4335937500E-01,   -6.5734677206E-01,   -7.3470221021E-01,    7.8540027826E-01,                  NaN
    9.4531250000E-01,   -6.5248413660E-01,   -7.3394927443E-01,    7.8540027826E-01,                  NaN
    9.4726562500E-01,   -6.4761836240E-01,   -7.3318493253E-01,    7.8540027826E-01,                  NaN
    9.4921875000E-01,   -6.4275430360E-01,   -7.3241244829E-01,    7.8540027826E-01,                  NaN
    9.5117187500E-01,   -6.3789696139E-01,   -7.3163517457E-01,    7.8540027826E-01,                  NaN
    9.5312500000E-01,   -6.3305146887E-01,   -7.3085654447E-01,    7.8540027826E-01,                  NaN
    9.5507812500E-01,   -6.2822307358E-01,   -7.3008006136E-01,    7.8540027826E-01,                  NaN
    9.5703125000E-01,   -6.2341711826E-01,   -7.2930928789E-01,    7.8540027826E-01,                  NaN
    9.5898437500E-01,   -6.1863902001E-01,   -7.2854783411E-01,    7.8540027826E-01,                  NaN
    9.6093750000E-01,   -6.1389424797E-01,   -7.2779934481E-01,    7.8540027826E-01,                  NaN
    9.6289062500E-01,   -6.0918829983E-01,   -7.2706748617E-01,    7.8540027826E-01,                  NaN
    9.6484375000E-01,   -6.0452667733E-01,   -7.2635593169E-01,    7.8540027826E-01,                  NaN
    9.6679687500E-01,   -5.9991486070E-01,   -7.2566834755E-01,    7.8540027826E-01,                  NaN
    9.6875000000E-01,   -5.9535828248E-01,   -7.2500837733E-01,    7.8540027826E-01,                  NaN
    9.7070312500E-01,   -5.9086230056E-01,   -7.2437962621E-01,    7.8540027826E-01,                  NaN
    9.7265625000E-01,   -5.8643217069E-01,   -7.2378564450E-01,    7.8540027826E-01,                  NaN
    9.7460937500E-01,   -5.8207301848E-01,   -7.2322991065E-01,    7.8540027826E-01,                  NaN
    9.7656250000E-01,   -5.7778981108E-01,   -7.2271581358E-01,    7.8540027826E-01,                  NaN
    9.7851562500E-01,   -5.7358732875E-01,   -7.2224663451E-01,    7.8540027826E-01,                  NaN
    9.8046875000E-01,   -5.6947013628E-01,   -7.2182552822E-01,    7.8540027826E-01,                  NaN
    9.8242187500E-01,   -5.6544255476E-01,   -7.2145550392E-01,    7.8540027826E-01,                  NaN
    9.8437500000E-01,   -5.6150863385E-01,   -7.2113940584E-01,    7.8540027826E-01,                  NaN
    9.8632812500E-01,   -5.5767212485E-01,   -7.2087989378E-01,    7.8540027826E-01,                  NaN
    9.8828125000E-01,   -5.5393645495E-01,   -7.2067942383E-01,    7.8540027826E-01,                  NaN
    9.9023437500E-01,   -5.5030470306E-01,   -7.2054022952E-01,    7.8540027826E-01,                  NaN
    9.9218750000E-01,   -5.4677957751E-01,   -7.2046430364E-01,    7.8540027826E-01,                  NaN
    9.9414062500E-01,   -5.4336339614E-01,   -7.2045338111E-01,    7.8540027826E-01,                  NaN
    9.9609375000E-01,   -5.4005806899E-01,   -7.2050892319E-01,    7.8540027826E-01,                  NaN
    9.9804687500E-01,   -5.3686508415E-01,   -7.2063210334E-01,    7.8540027826E-01,                  NaN
    1.0000000000E+00,   -5.3378549702E-01,   -7.2082379517E-01,    7.8540027826E-01,                  NaN
                 NaN,   -5.9140137596E-01,   -3.0642188199E-01,    7.8540027826E-01,                  NaN
