                Time,             Y-Force,      Work integrand,                Mass,           Mass error
    0.0000000000E+00,   -7.7921090952E-03,    0.0000000000E+00,    7.8542778760E-01,                  NaN
    3.9062500000E-03,    2.1955254565E-03,    2.9619836775E-08,    7.8542778760E-01,                  NaN
    7.8125000000E-03,    1.1034589971E-03,   -2.2276633564E-08,    7.8542778760E-01,                  NaN
    1.1718750000E-02,   -2.7592364725E-03,   -8.5333561522E-07,    7.8542778760E-01,                  NaN
    1.5625000000E-02,   -3.7244725257E-03,   -2.1088760803E-06,    7.8542778760E-01,                  NaN
    1.9531250000E-02,   -2.4467632180E-03,   -3.3339263335E-06,    7.8542778760E-01,                  NaN
    2.3437500000E-02,   -1.4440518777E-04,   -4.5820086705E-06,    7.8542778760E-01,                  NaN
    2.7343750000E-02,    2.0356130658E-04,   -8.0865503787E-06,    7.8542778760E-01,                  NaN
    3.1250000000E-02,   -3.9628006334E-03,   -1.8103715940E-05,    7.8542778760E-01,                  NaN
    3.5156250000E-02,   -1.1667735463E-02,   -3.6968730684E-05,    7.8542778760E-01,                  NaN
    3.9062500000E-02,   -2.0004044810E-02,   -6.3544531508E-05,    7.8542778760E-01,                  NaN
    4.2968750000E-02,   -2.7150573860E-02,   -9.6042281767E-05,    7.8542778760E-01,                  NaN
    4.6875000000E-02,   -3.3036539861E-02,   -1.3455236504E-04,    7.8542778760E-01,                  NaN
    5.0781250000E-02,   -3.8382825629E-02,   -1.8097621015E-04,    7.8542778760E-01,                  NaN
    5.4687500000E-02,   -4.3867345487E-02,   -2.3790413252E-04,    7.8542778760E-01,                  NaN
    5.8593750000E-02,   -4.9859111458E-02,   -3.0787473129E-04,    7.8542778760E-01,                  NaN
    6.2500000000E-02,   -5.6467942767E-02,   -3.9318931197E-04,    7.8542778760E-01,                  NaN
    6.6406250000E-02,   -6.3676201665E-02,   -4.9603264622E-04,    7.8542778760E-01,                  NaN
    7.0312500000E-02,   -7.1436359821E-02,   -6.1862543701E-04,    7.8542778760E-01,                  NaN
    7.4218750000E-02,   -7.9703042906E-02,   -7.6322434748E-04,    7.8542778760E-01,                  NaN
    7.8125000000E-02,   -8.8426188283E-02,   -9.3197706581E-04,    7.8542778760E-01,                  NaN
    8.2031250000E-02,   -9.7541475256E-02,   -1.1267569994E-03,    7.8542778760E-01,                  NaN
    8.5937500000E-02,   -1.0697378440E-01,   -1.3490848747E-03,    7.8542778760E-01,                  NaN
    8.9843750000E-02,   -1.1665152626E-01,   -1.6001822914E-03,    7.8542778760E-01,                  NaN
    9.3750000000E-02,   -1.2652292583E-01,   -1.8811455177E-03,    7.8542778760E-01,                  NaN
    9.7656250000E-02,   -1.3656599711E-01,   -2.1931797726E-03,    7.8542778760E-01,                  NaN
    1.0156250000E-01,   -1.4678854595E-01,   -2.5378092709E-03,    7.8542778760E-01,                  NaN
    1.0546875000E-01,   -1.5721987183E-01,   -2.9169920696E-03,    7.8542778760E-01,                  NaN
    1.0937500000E-01,   -1.6789913691E-01,   -3.3331173265E-03,    7.8542778760E-01,                  NaN
    1.1328125000E-01,   -1.7886572133E-01,   -3.7889227389E-03,    7.8542778760E-01,                  NaN
    1.1718750000E-01,   -1.9015482063E-01,   -4.2874075864E-03,    7.8542778760E-01,                  NaN
    1.2109375000E-01,   -2.0179832336E-01,   -4.8318069304E-03,    7.8542778760E-01,                  NaN
    1.2500000000E-01,   -2.1382829712E-01,   -5.4256408472E-03,    7.8542778760E-01,                  NaN
    1.2890625000E-01,   -2.2627950742E-01,   -6.0727931935E-03,    7.8542778760E-01,                  NaN
    1.3281250000E-01,   -2.3918840788E-01,   -6.7775426078E-03,    7.8542778760E-01,                  NaN
    1.3671875000E-01,   -2.5258799542E-01,   -7.5444766973E-03,    7.8542778760E-01,                  NaN
    1.4062500000E-01,   -2.6649965595E-01,   -8.3782572364E-03,    7.8542778760E-01,                  NaN
    1.4453125000E-01,   -2.8092403920E-01,   -9.2832497487E-03,    7.8542778760E-01,                  NaN
    1.4843750000E-01,   -2.9583313838E-01,   -1.0263070019E-02,    7.8542778760E-01,                  NaN
    1.5234375000E-01,   -3.1116540605E-01,   -1.1320125574E-02,    7.8542778760E-01,                  NaN
    1.5625000000E-01,   -3.2682512545E-01,   -1.2455238631E-02,    7.8542778760E-01,                  NaN
    1.6015625000E-01,   -3.4268646331E-01,   -1.3667426620E-02,    7.8542778760E-01,                  NaN
    1.6406250000E-01,   -3.5860174428E-01,   -1.4953888281E-02,    7.8542778760E-01,                  NaN
    1.6796875000E-01,   -3.7441267656E-01,   -1.6310203628E-02,    7.8542778760E-01,                  NaN
    1.7187500000E-01,   -3.8996272653E-01,   -1.7730714961E-02,    7.8542778760E-01,                  NaN
    1.7578125000E-01,   -4.0510871964E-01,   -1.9209024281E-02,    7.8542778760E-01,                  NaN
    1.7968750000E-01,   -4.1973003908E-01,   -2.0738526957E-02,    7.8542778760E-01,                  NaN
    1.8359375000E-01,   -4.3373438384E-01,   -2.2312903968E-02,    7.8542778760E-01,                  NaN
    1.8750000000E-01,   -4.4705975727E-01,   -2.3926511967E-02,    7.8542778760E-01,                  NaN
    1.9140625000E-01,   -4.5967301513E-01,   -2.5574635702E-02,    7.8542778760E-01,                  NaN
    1.9531250000E-01,   -4.7156578427E-01,   -2.7253594151E-02,    7.8542778760E-01,                  NaN
    1.9921875000E-01,   -4.8274880898E-01,   -2.8960714769E-02,    7.8542778760E-01,                  NaN
    2.0312500000E-01,   -4.9324579765E-01,   -3.0694206296E-02,    7.8542778760E-01,                  NaN
    2.0703125000E-01,   -5.0308767907E-01,   -3.2452968588E-02,    7.8542778760E-01,                  NaN
    2.1093750000E-01,   -5.1230790690E-01,   -3.4236378669E-02,    7.8542778760E-01,                  NaN
    2.1484375000E-01,   -5.2093914390E-01,   -3.6044086871E-02,    7.8542778760E-01,                  NaN
    2.1875000000E-01,   -5.2901137071E-01,   -3.7875847508E-02,    7.8542778760E-01,                  NaN
    2.2265625000E-01,   -5.3655123626E-01,   -3.9731396887E-02,    7.8542778760E-01,                  NaN
    2.2656250000E-01,   -5.4358231590E-01,   -4.1610379573E-02,    7.8542778760E-01,                  NaN
    2.3046875000E-01,   -5.5012587414E-01,   -4.3512313560E-02,    7.8542778760E-01,                  NaN
    2.3437500000E-01,   -5.5620173484E-01,   -4.5436577960E-02,    7.8542778760E-01,                  NaN
    2.3828125000E-01,   -5.6182892799E-01,   -4.7382403960E-02,    7.8542778760E-01,                  NaN
    2.4218750000E-01,   -5.6702589091E-01,   -4.9348851378E-02,    7.8542778760E-01,                  NaN
    2.4609375000E-01,   -5.7181012890E-01,   -5.1334758519E-02,    7.8542778760E-01,                  NaN
    2.5000000000E-01,   -5.7619736795E-01,   -5.3338660955E-02,    7.8542778760E-01,                  NaN
    2.5390625000E-01,   -5.8020034067E-01,   -5.5358683895E-02,    7.8542778760E-01,                  NaN
    2.5781250000E-01,   -5.8382742513E-01,   -5.7392421121E-02,    7.8542778760E-01,                  NaN
    2.6171875000E-01,   -5.8708139687E-01,   -5.9436819994E-02,    7.8542778760E-01,                  NaN
    2.6562500000E-01,   -5.8995855455E-01,   -6.1488095435E-02,    7.8542778760E-01,                  NaN
    2.6953125000E-01,   -5.9244844239E-01,   -6.3541695890E-02,    7.8542778760E-01,                  NaN
    2.7343750000E-01,   -5.9453432444E-01,   -6.5592340778E-02,    7.8542778760E-01,                  NaN
    2.7734375000E-01,   -5.9619447573E-01,   -6.7634142471E-02,    7.8542778760E-01,                  NaN
    2.8125000000E-01,   -5.9740425622E-01,   -6.9660817177E-02,    7.8542778760E-01,                  NaN
    2.8515625000E-01,   -5.9813883691E-01,   -7.1665979281E-02,    7.8542778760E-01,                  NaN
    2.8906250000E-01,   -5.9837636506E-01,   -7.3643503937E-02,    7.8542778760E-01,                  NaN
    2.9296875000E-01,   -5.9810129631E-01,   -7.5587934104E-02,    7.8542778760E-01,                  NaN
    2.9687500000E-01,   -5.9730759228E-01,   -7.7494901829E-02,    7.8542778760E-01,                  NaN
    3.0078125000E-01,   -5.9600148521E-01,   -7.9361530052E-02,    7.8542778760E-01,                  NaN
    3.0468750000E-01,   -5.9420354536E-01,   -8.1186780969E-02,    7.8542778760E-01,                  NaN
    3.0859375000E-01,   -5.9194984735E-01,   -8.2971720089E-02,    7.8542778760E-01,                  NaN
    3.1250000000E-01,   -5.8929211234E-01,   -8.4719671313E-02,    7.8542778760E-01,                  NaN
    3.1640625000E-01,   -5.8629679442E-01,   -8.6436246995E-02,    7.8542778760E-01,                  NaN
    3.2031250000E-01,   -5.8304317257E-01,   -8.8129247344E-02,    7.8542778760E-01,                  NaN
    3.2421875000E-01,   -5.7962059485E-01,   -8.9808434547E-02,    7.8542778760E-01,                  NaN
    3.2812500000E-01,   -5.7612509071E-01,   -9.1485197629E-02,    7.8542778760E-01,                  NaN
    3.3203125000E-01,   -5.7265561349E-01,   -9.3172133187E-02,    7.8542778760E-01,                  NaN
    3.3593750000E-01,   -5.6931019527E-01,   -9.4882573726E-02,    7.8542778760E-01,                  NaN
    3.3984375000E-01,   -5.6618228866E-01,   -9.6630098795E-02,    7.8542778760E-01,                  NaN
    3.4375000000E-01,   -5.6335753722E-01,   -9.8428064017E-02,    7.8542778760E-01,                  NaN
    3.4765625000E-01,   -5.6091116342E-01,   -1.0028917955E-01,    7.8542778760E-01,                  NaN
    3.5156250000E-01,   -5.5890609646E-01,   -1.0222516299E-01,    7.8542778760E-01,                  NaN
    3.5546875000E-01,   -5.5739189098E-01,   -1.0424648324E-01,    7.8542778760E-01,                  NaN
    3.5937500000E-01,   -5.5640441977E-01,   -1.0636220217E-01,    7.8542778760E-01,                  NaN
    3.6328125000E-01,   -5.5596626561E-01,   -1.0857991188E-01,    7.8542778760E-01,                  NaN
    3.6718750000E-01,   -5.5608769504E-01,   -1.1090575738E-01,    7.8542778760E-01,                  NaN
    3.7109375000E-01,   -5.5676807173E-01,   -1.1334452866E-01,    7.8542778760E-01,                  NaN
    3.7500000000E-01,   -5.5799756077E-01,   -1.1589980327E-01,    7.8542778760E-01,                  NaN
    3.7890625000E-01,   -5.5975898384E-01,   -1.1857412018E-01,    7.8542778760E-01,                  NaN
    3.8281250000E-01,   -5.6202970593E-01,   -1.2136916770E-01,    7.8542778760E-01,                  NaN
    3.8671875000E-01,   -5.6478346107E-01,   -1.2428597217E-01,    7.8542778760E-01,                  NaN
    3.9062500000E-01,   -5.6799205286E-01,   -1.2732507875E-01,    7.8542778760E-01,                  NaN
    3.9453125000E-01,   -5.7162689120E-01,   -1.3048672028E-01,    7.8542778760E-01,                  NaN
    3.9843750000E-01,   -5.7566034575E-01,   -1.3377097398E-01,    7.8542778760E-01,                  NaN
    4.0234375000E-01,   -5.8006690815E-01,   -1.3717790785E-01,    7.8542778760E-01,                  NaN
    4.0625000000E-01,   -5.8482415886E-01,   -1.4070771938E-01,    7.8542778760E-01,                  NaN
    4.1015625000E-01,   -5.8991353145E-01,   -1.4436086758E-01,    7.8542778760E-01,                  NaN
    4.1406250000E-01,   -5.9532086024E-01,   -1.4813819664E-01,    7.8542778760E-01,                  NaN
    4.1796875000E-01,   -6.0103669022E-01,   -1.5204104611E-01,    7.8542778760E-01,                  NaN
    4.2187500000E-01,   -6.0705632430E-01,   -1.5607133893E-01,    7.8542778760E-01,                  NaN
    4.2578125000E-01,   -6.1337958275E-01,   -1.6023163548E-01,    7.8542778760E-01,                  NaN
    4.2968750000E-01,   -6.2001025352E-01,   -1.6452514033E-01,    7.8542778760E-01,                  NaN
    4.3359375000E-01,   -6.2695522495E-01,   -1.6895564812E-01,    7.8542778760E-01,                  NaN
    4.3750000000E-01,   -6.3422331196E-01,   -1.7352741767E-01,    7.8542778760E-01,                  NaN
    4.4140625000E-01,   -6.4182381248E-01,   -1.7824496815E-01,    7.8542778760E-01,                  NaN
    4.4531250000E-01,   -6.4976485615E-01,   -1.8311279717E-01,    7.8542778760E-01,                  NaN
    4.4921875000E-01,   -6.5805162902E-01,   -1.8813502737E-01,    7.8542778760E-01,                  NaN
    4.5312500000E-01,   -6.6668457438E-01,   -1.9331499535E-01,    7.8542778760E-01,                  NaN
    4.5703125000E-01,   -6.7565768362E-01,   -1.9865480393E-01,    7.8542778760E-01,                  NaN
    4.6093750000E-01,   -6.8495699832E-01,   -2.0415486539E-01,    7.8542778760E-01,                  NaN
    4.6484375000E-01,   -6.9455944002E-01,   -2.0981346722E-01,    7.8542778760E-01,                  NaN
    4.6875000000E-01,   -7.0443206270E-01,   -2.1562639235E-01,    7.8542778760E-01,                  NaN
    4.7265625000E-01,   -7.1453179508E-01,   -2.2158662342E-01,    7.8542778760E-01,                  NaN
    4.7656250000E-01,   -7.2480570964E-01,   -2.2768415706E-01,    7.8542778760E-01,                  NaN
    4.8046875000E-01,   -7.3519182306E-01,   -2.3390594826E-01,    7.8542778760E-01,                  NaN
    4.8437500000E-01,   -7.4562039700E-01,   -2.4023599696E-01,    7.8542778760E-01,                  NaN
    4.8828125000E-01,   -7.5601567345E-01,   -2.4665557904E-01,    7.8542778760E-01,                  NaN
    4.9218750000E-01,   -7.6629794952E-01,   -2.5314361471E-01,    7.8542778760E-01,                  NaN
    4.9609375000E-01,   -7.7638587599E-01,   -2.5967715760E-01,    7.8542778760E-01,                  NaN
    5.0000000000E-01,   -7.8619885226E-01,   -2.6623198058E-01,    7.8542778760E-01,                  NaN
    5.0390625000E-01,   -7.9565938700E-01,   -2.7278322790E-01,    7.8542778760E-01,                  NaN
    5.0781250000E-01,   -8.0469529988E-01,   -2.7930609931E-01,    7.8542778760E-01,                  NaN
    5.1171875000E-01,   -8.1324165354E-01,   -2.8577653020E-01,    7.8542778760E-01,                  NaN
    5.1562500000E-01,   -8.2124232521E-01,   -2.9217183217E-01,    7.8542778760E-01,                  NaN
    5.1953125000E-01,   -8.2865115221E-01,   -2.9847126156E-01,    7.8542778760E-01,                  NaN
    5.2343750000E-01,   -8.3543261215E-01,   -3.0465648762E-01,    7.8542778760E-01,                  NaN
    5.2734375000E-01,   -8.4156202623E-01,   -3.1071193826E-01,    7.8542778760E-01,                  NaN
    5.3125000000E-01,   -8.4702530099E-01,   -3.1662500863E-01,    7.8542778760E-01,                  NaN
    5.3515625000E-01,   -8.5181824658E-01,   -3.2238612514E-01,    7.8542778760E-01,                  NaN
    5.3906250000E-01,   -8.5594552809E-01,   -3.2798866527E-01,    7.8542778760E-01,                  NaN
    5.4296875000E-01,   -8.5941932220E-01,   -3.3342874099E-01,    7.8542778760E-01,                  NaN
    5.4687500000E-01,   -8.6225776172E-01,   -3.3870486103E-01,    7.8542778760E-01,                  NaN
    5.5078125000E-01,   -8.6448325700E-01,   -3.4381749316E-01,    7.8542778760E-01,                  NaN
    5.5468750000E-01,   -8.6612078317E-01,   -3.4876855269E-01,    7.8542778760E-01,                  NaN
    5.5859375000E-01,   -8.6719622043E-01,   -3.5356084738E-01,    7.8542778760E-01,                  NaN
    5.6250000000E-01,   -8.6773482846E-01,   -3.5819751133E-01,    7.8542778760E-01,                  NaN
    5.6640625000E-01,   -8.6775992676E-01,   -3.6268146142E-01,    7.8542778760E-01,                  NaN
    5.7031250000E-01,   -8.6729184056E-01,   -3.6701490874E-01,    7.8542778760E-01,                  NaN
    5.7421875000E-01,   -8.6634715742E-01,   -3.7119895501E-01,    7.8542778760E-01,                  NaN
    5.7812500000E-01,   -8.6493832445E-01,   -3.7523330126E-01,    7.8542778760E-01,                  NaN
    5.8203125000E-01,   -8.6307360063E-01,   -3.7911608758E-01,    7.8542778760E-01,                  NaN
    5.8593750000E-01,   -8.6075737724E-01,   -3.8284386780E-01,    7.8542778760E-01,                  NaN
    5.8984375000E-01,   -8.5799083776E-01,   -3.8641172177E-01,    7.8542778760E-01,                  NaN
    5.9375000000E-01,   -8.5477288209E-01,   -3.8981353111E-01,    7.8542778760E-01,                  NaN
    5.9765625000E-01,   -8.5110125802E-01,   -3.9304243339E-01,    7.8542778760E-01,                  NaN
    6.0156250000E-01,   -8.4697383838E-01,   -3.9609140380E-01,    7.8542778760E-01,                  NaN
    6.0546875000E-01,   -8.4239004824E-01,   -3.9895389635E-01,    7.8542778760E-01,                  NaN
    6.0937500000E-01,   -8.3735240958E-01,   -4.0162450718E-01,    7.8542778760E-01,                  NaN
    6.1328125000E-01,   -8.3186803887E-01,   -4.0409964402E-01,    7.8542778760E-01,                  NaN
    6.1718750000E-01,   -8.2594994394E-01,   -4.0637818735E-01,    7.8542778760E-01,                  NaN
    6.2109375000E-01,   -8.1961805911E-01,   -4.0846211370E-01,    7.8542778760E-01,                  NaN
    6.2500000000E-01,   -8.1290001108E-01,   -4.1035703564E-01,    7.8542778760E-01,                  NaN
    6.2890625000E-01,   -8.0583157994E-01,   -4.1207260839E-01,    7.8542778760E-01,                  NaN
    6.3281250000E-01,   -7.9845679696E-01,   -4.1362276795E-01,    7.8542778760E-01,                  NaN
    6.3671875000E-01,   -7.9082766140E-01,   -4.1502579015E-01,    7.8542778760E-01,                  NaN
    6.4062500000E-01,   -7.8300350099E-01,   -4.1630417246E-01,    7.8542778760E-01,                  NaN
    6.4453125000E-01,   -7.7504999128E-01,   -4.1748433642E-01,    7.8542778760E-01,                  NaN
    6.4843750000E-01,   -7.6703784037E-01,   -4.1859614960E-01,    7.8542778760E-01,                  NaN
    6.5234375000E-01,   -7.5904118770E-01,   -4.1967228224E-01,    7.8542778760E-01,                  NaN
    6.5625000000E-01,   -7.5113580289E-01,   -4.2074742964E-01,    7.8542778760E-01,                  NaN
    6.6015625000E-01,   -7.4339717480E-01,   -4.2185743736E-01,    7.8542778760E-01,                  NaN
    6.6406250000E-01,   -7.3589858021E-01,   -4.2303836949E-01,    7.8542778760E-01,                  NaN
    6.6796875000E-01,   -7.2870922294E-01,   -4.2432556330E-01,    7.8542778760E-01,                  NaN
    6.7187500000E-01,   -7.2189253660E-01,   -4.2575271676E-01,    7.8542778760E-01,                  NaN
    6.7578125000E-01,   -7.1550473809E-01,   -4.2735105601E-01,    7.8542778760E-01,                  NaN
    6.7968750000E-01,   -7.0959369735E-01,   -4.2914862168E-01,    7.8542778760E-01,                  NaN
    6.8359375000E-01,   -7.0419816324E-01,   -4.3116970186E-01,    7.8542778760E-01,                  NaN
    6.8750000000E-01,   -6.9934736936E-01,   -4.3343443223E-01,    7.8542778760E-01,                  NaN
    6.9140625000E-01,   -6.9506102863E-01,   -4.3595857764E-01,    7.8542778760E-01,                  NaN
    6.9531250000E-01,   -6.9134970249E-01,   -4.3875349808E-01,    7.8542778760E-01,                  NaN
    6.9921875000E-01,   -6.8821551413E-01,   -4.4182629406E-01,    7.8542778760E-01,                  NaN
    7.0312500000E-01,   -6.8565315340E-01,   -4.4518011681E-01,    7.8542778760E-01,                  NaN
    7.0703125000E-01,   -6.8365112295E-01,   -4.4881462288E-01,    7.8542778760E-01,                  NaN
    7.1093750000E-01,   -6.8219315489E-01,   -4.5272654532E-01,    7.8542778760E-01,                  NaN
    7.1484375000E-01,   -6.8125963431E-01,   -4.5691030449E-01,    7.8542778760E-01,                  NaN
    7.1875000000E-01,   -6.8082895371E-01,   -4.6135861607E-01,    7.8542778760E-01,                  NaN
    7.2265625000E-01,   -6.8087884869E-01,   -4.6606312556E-01,    7.8542778760E-01,                  NaN
    7.2656250000E-01,   -6.8138788999E-01,   -4.7101521333E-01,    7.8542778760E-01,                  NaN
    7.3046875000E-01,   -6.8233697139E-01,   -4.7620686399E-01,    7.8542778760E-01,                  NaN
    7.3437500000E-01,   -6.8370987305E-01,   -4.8163093181E-01,    7.8542778760E-01,                  NaN
    7.3828125000E-01,   -6.8549341183E-01,   -4.8728114661E-01,    7.8542778760E-01,                  NaN
    7.4218750000E-01,   -6.8767787422E-01,   -4.9315254638E-01,    7.8542778760E-01,                  NaN
    7.4609375000E-01,   -6.9025680815E-01,   -4.9924175261E-01,    7.8542778760E-01,                  NaN
    7.5000000000E-01,   -6.9322577303E-01,   -5.0554651555E-01,    7.8542778760E-01,                  NaN
    7.5390625000E-01,   -6.9658109088E-01,   -5.1206506664E-01,    7.8542778760E-01,                  NaN
    7.5781250000E-01,   -7.0031913437E-01,   -5.1879578291E-01,    7.8542778760E-01,                  NaN
    7.6171875000E-01,   -7.0443552959E-01,   -5.2573688332E-01,    7.8542778760E-01,                  NaN
    7.6562500000E-01,   -7.0892375128E-01,   -5.3288579256E-01,    7.8542778760E-01,                  NaN
    7.6953125000E-01,   -7.1377335021E-01,   -5.4023826878E-01,    7.8542778760E-01,                  NaN
    7.7343750000E-01,   -7.1896836739E-01,   -5.4778758253E-01,    7.8542778760E-01,                  NaN
    7.7734375000E-01,   -7.2448648843E-01,   -5.5552395434E-01,    7.8542778760E-01,                  NaN
    7.8125000000E-01,   -7.3029886467E-01,   -5.6343439666E-01,    7.8542778760E-01,                  NaN
    7.8515625000E-01,   -7.3636900288E-01,   -5.7150258559E-01,    7.8542778760E-01,                  NaN
    7.8906250000E-01,   -7.4265026306E-01,   -5.7970807767E-01,    7.8542778760E-01,                  NaN
    7.9296875000E-01,   -7.4908531402E-01,   -5.8802565226E-01,    7.8542778760E-01,                  NaN
    7.9687500000E-01,   -7.5560923506E-01,   -5.9642601968E-01,    7.8542778760E-01,                  NaN
    8.0078125000E-01,   -7.6215297982E-01,   -6.0487726723E-01,    7.8542778760E-01,                  NaN
    8.0468750000E-01,   -7.6864413985E-01,   -6.1334559012E-01,    7.8542778760E-01,                  NaN
    8.0859375000E-01,   -7.7500617894E-01,   -6.2179541392E-01,    7.8542778760E-01,                  NaN
    8.1250000000E-01,   -7.8115878161E-01,   -6.3019002364E-01,    7.8542778760E-01,                  NaN
    8.1640625000E-01,   -7.8701993333E-01,   -6.3849291386E-01,    7.8542778760E-01,                  NaN
    8.2031250000E-01,   -7.9250863832E-01,   -6.4666919454E-01,    7.8542778760E-01,                  NaN
    8.2421875000E-01,   -7.9754732130E-01,   -6.5468662840E-01,    7.8542778760E-01,                  NaN
    8.2812500000E-01,   -8.0206374368E-01,   -6.6251639595E-01,    7.8542778760E-01,                  NaN
    8.3203125000E-01,   -8.0599256166E-01,   -6.7013373089E-01,    7.8542778760E-01,                  NaN
    8.3593750000E-01,   -8.0927657059E-01,   -6.7751836769E-01,    7.8542778760E-01,                  NaN
    8.3984375000E-01,   -8.1186762129E-01,   -6.8465467444E-01,    7.8542778760E-01,                  NaN
    8.4375000000E-01,   -8.1372721447E-01,   -6.9153142176E-01,    7.8542778760E-01,                  NaN
    8.4765625000E-01,   -8.1482678973E-01,   -6.9814122917E-01,    7.8542778760E-01,                  NaN
    8.5156250000E-01,   -8.1514774734E-01,   -7.0447979540E-01,    7.8542778760E-01,                  NaN
    8.5546875000E-01,   -8.1468132721E-01,   -7.1054507683E-01,    7.8542778760E-01,                  NaN
    8.5937500000E-01,   -8.1342849259E-01,   -7.1633658104E-01,    7.8542778760E-01,                  NaN
    8.6328125000E-01,   -8.1139974887E-01,   -7.2185482174E-01,    7.8542778760E-01,                  NaN
    8.6718750000E-01,   -8.0861457831E-01,   -7.2710081707E-01,    7.8542778760E-01,                  NaN
    8.7109375000E-01,   -8.0510027690E-01,   -7.3207547754E-01,    7.8542778760E-01,                  NaN
    8.7500000000E-01,   -8.0089037811E-01,   -7.3677886052E-01,    7.8542778760E-01,                  NaN
    8.7890625000E-01,   -7.9602302417E-01,   -7.4120942511E-01,    7.8542778760E-01,                  NaN
    8.8281250000E-01,   -7.9053950645E-01,   -7.4536343151E-01,    7.8542778760E-01,                  NaN
    8.8671875000E-01,   -7.8448312296E-01,   -7.4923462227E-01,    7.8542778760E-01,                  NaN
    8.9062500000E-01,   -7.7789842506E-01,   -7.5281420702E-01,    7.8542778760E-01,                  NaN
    8.9453125000E-01,   -7.7083066679E-01,   -7.5609099419E-01,    7.8542778760E-01,                  NaN
    8.9843750000E-01,   -7.6332527841E-01,   -7.5905155783E-01,    7.8542778760E-01,                  NaN
    9.0234375000E-01,   -7.5542737964E-01,   -7.6168046302E-01,    7.8542778760E-01,                  NaN
    9.0625000000E-01,   -7.4718153232E-01,   -7.6396071156E-01,    7.8542778760E-01,                  NaN
    9.1015625000E-01,   -7.3863168194E-01,   -7.6587448575E-01,    7.8542778760E-01,                  NaN
    9.1406250000E-01,   -7.2982125808E-01,   -7.6740408322E-01,    7.8542778760E-01,                  NaN
    9.1796875000E-01,   -7.2079377011E-01,   -7.6853289527E-01,    7.8542778760E-01,                  NaN
    9.2187500000E-01,   -7.1159320244E-01,   -7.6924624626E-01,    7.8542778760E-01,                  NaN
    9.2578125000E-01,   -7.0226325862E-01,   -7.6953203444E-01,    7.8542778760E-01,                  NaN
    9.2968750000E-01,   -6.9284632539E-01,   -7.6938139233E-01,    7.8542778760E-01,                  NaN
    9.3359375000E-01,   -6.8338351227E-01,   -7.6878952107E-01,    7.8542778760E-01,                  NaN
    9.3750000000E-01,   -6.7391547056E-01,   -7.6775653863E-01,    7.8542778760E-01,                  NaN
    9.4140625000E-01,   -6.6448280006E-01,   -7.6628810739E-01,    7.8542778760E-01,                  NaN
    9.4531250000E-01,   -6.5512559381E-01,   -7.6439579812E-01,    7.8542778760E-01,                  NaN
    9.4921875000E-01,   -6.4588253712E-01,   -7.6209729816E-01,    7.8542778760E-01,                  NaN
    9.5312500000E-01,   -6.3679006868E-01,   -7.5941654051E-01,    7.8542778760E-01,                  NaN
    9.5703125000E-01,   -6.2788177674E-01,   -7.5638373407E-01,    7.8542778760E-01,                  NaN
    9.6093750000E-01,   -6.1918795387E-01,   -7.5303524549E-01,    7.8542778760E-01,                  NaN
    9.6484375000E-01,   -6.1073519612E-01,   -7.4941330717E-01,    7.8542778760E-01,                  NaN
    9.6875000000E-01,   -6.0254600817E-01,   -7.4556554842E-01,    7.8542778760E-01,                  NaN
    9.7265625000E-01,   -5.9463844897E-01,   -7.4154436372E-01,    7.8542778760E-01,                  NaN
    9.7656250000E-01,   -5.8702586353E-01,   -7.3740614733E-01,    7.8542778760E-01,                  NaN
    9.8046875000E-01,   -5.7971670958E-01,   -7.3321042564E-01,    7.8542778760E-01,                  NaN
    9.8437500000E-01,   -5.7271445989E-01,   -7.2901890962E-01,    7.8542778760E-01,                  NaN
    9.8828125000E-01,   -5.6601757418E-01,   -7.2489448655E-01,    7.8542778760E-01,                  NaN
    9.9218750000E-01,   -5.5961957305E-01,   -7.2090018023E-01,    7.8542778760E-01,                  NaN
    9.9609375000E-01,   -5.5350927652E-01,   -7.1709812243E-01,    7.8542778760E-01,                  NaN
    1.0000000000E+00,   -5.4767127034E-01,   -7.1354858194E-01,    7.8542778760E-01,                  NaN
                 NaN,   -5.9179309876E-01,   -3.0795329134E-01,    7.8542778760E-01,                  NaN
