                Time,             Y-Force,      Work integrand,                Mass,           Mass error
    0.0000000000E+00,    4.0330631146E-06,    0.0000000000E+00,    7.7943986004E-01,                  NaN
    7.8125000000E-03,   -8.5064576723E-04,   -1.0874026505E-07,    7.7943986004E-01,                  NaN
    1.5625000000E-02,   -3.2958692440E-03,   -1.6160617851E-06,    7.7943986004E-01,                  NaN
    2.3437500000E-02,   -7.3520133200E-03,   -7.7942431166E-06,    7.7943986004E-01,                  NaN
    3.1250000000E-02,   -1.3032346181E-02,   -2.3899945927E-05,    7.7943986004E-01,                  NaN
    3.9062500000E-02,   -2.0366249394E-02,   -5.7102166028E-05,    7.7943986004E-01,                  NaN
    4.6875000000E-02,   -2.9443629653E-02,   -1.1675273973E-04,    7.7943986004E-01,                  NaN
    5.4687500000E-02,   -4.0295538205E-02,   -2.1396153635E-04,    7.7943986004E-01,                  NaN
    6.2500000000E-02,   -5.2839355762E-02,   -3.6092643318E-04,    7.7943986004E-01,                  NaN
    7.0312500000E-02,   -6.6979559842E-02,   -5.7138489436E-04,    7.7943986004E-01,                  NaN
    7.8125000000E-02,   -8.2734804934E-02,   -8.6138209906E-04,    7.7943986004E-01,                  NaN
    8.5937500000E-02,   -1.0023525805E-01,   -1.2491093007E-03,    7.7943986004E-01,                  NaN
    9.3750000000E-02,   -1.1954313051E-01,   -1.7537530000E-03,    7.7943986004E-01,                  NaN
    1.0156250000E-01,   -1.4055410411E-01,   -2.3945496782E-03,    7.7943986004E-01,                  NaN
    1.0937500000E-01,   -1.6315177022E-01,   -3.1916734218E-03,    7.7943986004E-01,                  NaN
    1.1718750000E-01,   -1.8730427433E-01,   -4.1668192638E-03,    7.7943986004E-01,                  NaN
    1.2500000000E-01,   -2.1291493180E-01,   -5.3404213512E-03,    7.7943986004E-01,                  NaN
    1.3281250000E-01,   -2.3974609445E-01,   -6.7293360767E-03,    7.7943986004E-01,                  NaN
    1.4062500000E-01,   -2.6758636123E-01,   -8.3496763671E-03,    7.7943986004E-01,                  NaN
    1.4843750000E-01,   -2.9635679165E-01,   -1.0219882442E-02,    7.7943986004E-01,                  NaN
    1.5625000000E-01,   -3.2595140018E-01,   -1.2356724369E-02,    7.7943986004E-01,                  NaN
    1.6406250000E-01,   -3.5602415116E-01,   -1.4766868804E-02,    7.7943986004E-01,                  NaN
    1.7187500000E-01,   -3.8596168047E-01,   -1.7442014969E-02,    7.7943986004E-01,                  NaN
    1.7968750000E-01,   -4.1500307616E-01,   -2.0359495435E-02,    7.7943986004E-01,                  NaN
    1.8750000000E-01,   -4.4237018256E-01,   -2.3485115775E-02,    7.7943986004E-01,                  NaN
    1.9531250000E-01,   -4.6739332821E-01,   -2.6778037139E-02,    7.7943986004E-01,                  NaN
    2.0312500000E-01,   -4.8966557591E-01,   -3.0200048518E-02,    7.7943986004E-01,                  NaN
    2.1093750000E-01,   -5.0915619148E-01,   -3.3726489642E-02,    7.7943986004E-01,                  NaN
    2.1875000000E-01,   -5.2615814357E-01,   -3.7350137754E-02,    7.7943986004E-01,                  NaN
    2.2656250000E-01,   -5.4106064665E-01,   -4.1072765714E-02,    7.7943986004E-01,                  NaN
    2.3437500000E-01,   -5.5410340358E-01,   -4.4890138601E-02,    7.7943986004E-01,                  NaN
    2.4218750000E-01,   -5.6528911424E-01,   -4.8782704084E-02,    7.7943986004E-01,                  NaN
    2.5000000000E-01,   -5.7448192368E-01,   -5.2718536494E-02,    7.7943986004E-01,                  NaN
    2.5781250000E-01,   -5.8156561032E-01,   -5.6663558133E-02,    7.7943986004E-01,                  NaN
    2.6562500000E-01,   -5.8652630969E-01,   -6.0589167007E-02,    7.7943986004E-01,                  NaN
    2.7343750000E-01,   -5.8943656106E-01,   -6.4473011560E-02,    7.7943986004E-01,                  NaN
    2.8125000000E-01,   -5.9041012407E-01,   -6.8296639891E-02,    7.7943986004E-01,                  NaN
    2.8906250000E-01,   -5.8958809217E-01,   -7.2045151130E-02,    7.7943986004E-01,                  NaN
    2.9687500000E-01,   -5.8715340945E-01,   -7.5709387094E-02,    7.7943986004E-01,                  NaN
    3.0468750000E-01,   -5.8333965995E-01,   -7.9287815001E-02,    7.7943986004E-01,                  NaN
    3.1250000000E-01,   -5.7842102557E-01,   -8.2786712964E-02,    7.7943986004E-01,                  NaN
    3.2031250000E-01,   -5.7270034915E-01,   -8.6220453125E-02,    7.7943986004E-01,                  NaN
    3.2812500000E-01,   -5.6651599193E-01,   -8.9614436675E-02,    7.7943986004E-01,                  NaN
    3.3593750000E-01,   -5.6026996104E-01,   -9.3011223049E-02,    7.7943986004E-01,                  NaN
    3.4375000000E-01,   -5.5445829179E-01,   -9.6477522907E-02,    7.7943986004E-01,                  NaN
    3.5156250000E-01,   -5.4967105080E-01,   -1.0010733153E-01,    7.7943986004E-01,                  NaN
    3.5937500000E-01,   -5.4653290641E-01,   -1.0401583314E-01,    7.7943986004E-01,                  NaN
    3.6718750000E-01,   -5.4558414272E-01,   -1.0832171407E-01,    7.7943986004E-01,                  NaN
    3.7500000000E-01,   -5.4714564298E-01,   -1.1312223338E-01,    7.7943986004E-01,                  NaN
    3.8281250000E-01,   -5.5123717657E-01,   -1.1847180151E-01,    7.7943986004E-01,                  NaN
    3.9062500000E-01,   -5.5760046023E-01,   -1.2437555537E-01,    7.7943986004E-01,                  NaN
    3.9843750000E-01,   -5.6582535591E-01,   -1.3080293364E-01,    7.7943986004E-01,                  NaN
    4.0625000000E-01,   -5.7552388509E-01,   -1.3771616994E-01,    7.7943986004E-01,                  NaN
    4.1406250000E-01,   -5.8647308657E-01,   -1.4510052693E-01,    7.7943986004E-01,                  NaN
    4.2187500000E-01,   -5.9866343623E-01,   -1.5298121021E-01,    7.7943986004E-01,                  NaN
    4.2968750000E-01,   -6.1223589301E-01,   -1.6141783740E-01,    7.7943986004E-01,                  NaN
    4.3750000000E-01,   -6.2734682566E-01,   -1.7047916290E-01,    7.7943986004E-01,                  NaN
    4.4531250000E-01,   -6.4403648857E-01,   -1.8021217158E-01,    7.7943986004E-01,                  NaN
    4.5312500000E-01,   -6.6216848603E-01,   -1.9062260209E-01,    7.7943986004E-01,                  NaN
    4.6093750000E-01,   -6.8145729942E-01,   -2.0167526311E-01,    7.7943986004E-01,                  NaN
    4.6875000000E-01,   -7.0154426238E-01,   -2.1330831150E-01,    7.7943986004E-01,                  NaN
    4.7656250000E-01,   -7.2206142260E-01,   -2.2544723877E-01,    7.7943986004E-01,                  NaN
    4.8437500000E-01,   -7.4264841768E-01,   -2.3800791081E-01,    7.7943986004E-01,                  NaN
    4.9218750000E-01,   -7.6293129497E-01,   -2.5088911651E-01,    7.7943986004E-01,                  NaN
    5.0000000000E-01,   -7.8249615609E-01,   -2.6396336643E-01,    7.7943986004E-01,                  NaN
    5.0781250000E-01,   -8.0088254232E-01,   -2.7707417058E-01,    7.7943986004E-01,                  NaN
    5.1562500000E-01,   -8.1760023542E-01,   -2.9004182683E-01,    7.7943986004E-01,                  NaN
    5.2343750000E-01,   -8.3216240834E-01,   -3.0267522586E-01,    7.7943986004E-01,                  NaN
    5.3125000000E-01,   -8.4413202071E-01,   -3.1478773850E-01,    7.7943986004E-01,                  NaN
    5.3906250000E-01,   -8.5318234453E-01,   -3.2621757966E-01,    7.7943986004E-01,                  NaN
    5.4687500000E-01,   -8.5916341105E-01,   -3.3685175326E-01,    7.7943986004E-01,                  NaN
    5.5468750000E-01,   -8.6214842723E-01,   -3.4664684071E-01,    7.7943986004E-01,                  NaN
    5.6250000000E-01,   -8.6242611320E-01,   -3.5563471994E-01,    7.7943986004E-01,                  NaN
    5.7031250000E-01,   -8.6042099724E-01,   -3.6390355741E-01,    7.7943986004E-01,                  NaN
    5.7812500000E-01,   -8.5656020153E-01,   -3.7155584765E-01,    7.7943986004E-01,                  NaN
    5.8593750000E-01,   -8.5114057100E-01,   -3.7865986191E-01,    7.7943986004E-01,                  NaN
    5.9375000000E-01,   -8.4425929662E-01,   -3.8521845726E-01,    7.7943986004E-01,                  NaN
    6.0156250000E-01,   -8.3584426002E-01,   -3.9117298101E-01,    7.7943986004E-01,                  NaN
    6.0937500000E-01,   -8.2577019400E-01,   -3.9644218185E-01,    7.7943986004E-01,                  NaN
    6.1718750000E-01,   -8.1400250103E-01,   -4.0097710041E-01,    7.7943986004E-01,                  NaN
    6.2500000000E-01,   -8.0069870657E-01,   -4.0480471156E-01,    7.7943986004E-01,                  NaN
    6.3281250000E-01,   -7.8622453041E-01,   -4.0804066544E-01,    7.7943986004E-01,                  NaN
    6.4062500000E-01,   -7.7108985675E-01,   -4.1086965585E-01,    7.7943986004E-01,                  NaN
    6.4843750000E-01,   -7.5584979235E-01,   -4.1350907255E-01,    7.7943986004E-01,                  NaN
    6.5625000000E-01,   -7.4102510275E-01,   -4.1617745605E-01,    7.7943986004E-01,                  NaN
    6.6406250000E-01,   -7.2707304637E-01,   -4.1908162304E-01,    7.7943986004E-01,                  NaN
    6.7187500000E-01,   -7.1440250059E-01,   -4.2242166432E-01,    7.7943986004E-01,                  NaN
    6.7968750000E-01,   -7.0340102328E-01,   -4.2640145138E-01,    7.7943986004E-01,                  NaN
    6.8750000000E-01,   -6.9444032587E-01,   -4.3123044429E-01,    7.7943986004E-01,                  NaN
    6.9531250000E-01,   -6.8784648702E-01,   -4.3710975155E-01,    7.7943986004E-01,                  NaN
    7.0312500000E-01,   -6.8384573381E-01,   -4.4420539707E-01,    7.7943986004E-01,                  NaN
    7.1093750000E-01,   -6.8251065377E-01,   -4.5261848155E-01,    7.7943986004E-01,                  NaN
    7.1875000000E-01,   -6.8373107198E-01,   -4.6236338167E-01,    7.7943986004E-01,                  NaN
    7.2656250000E-01,   -6.8722407168E-01,   -4.7336295867E-01,    7.7943986004E-01,                  NaN
    7.3437500000E-01,   -6.9258565942E-01,   -4.8546577860E-01,    7.7943986004E-01,                  NaN
    7.4218750000E-01,   -6.9937463365E-01,   -4.9848443151E-01,    7.7943986004E-01,                  NaN
    7.5000000000E-01,   -7.0720681007E-01,   -5.1224564877E-01,    7.7943986004E-01,                  NaN
    7.5781250000E-01,   -7.1582765383E-01,   -5.2663439624E-01,    7.7943986004E-01,                  NaN
    7.6562500000E-01,   -7.2513135067E-01,   -5.4161122204E-01,    7.7943986004E-01,                  NaN
    7.7343750000E-01,   -7.3511109732E-01,   -5.5719004406E-01,    7.7943986004E-01,                  NaN
    7.8125000000E-01,   -7.4575577481E-01,   -5.7338137415E-01,    7.7943986004E-01,                  NaN
    7.8906250000E-01,   -7.5693709108E-01,   -5.9012494272E-01,    7.7943986004E-01,                  NaN
    7.9687500000E-01,   -7.6834013868E-01,   -6.0724386820E-01,    7.7943986004E-01,                  NaN
    8.0468750000E-01,   -7.7947060395E-01,   -6.2444315519E-01,    7.7943986004E-01,                  NaN
    8.1250000000E-01,   -7.8973313106E-01,   -6.4135262050E-01,    7.7943986004E-01,                  NaN
    8.2031250000E-01,   -7.9854031715E-01,   -6.5759174870E-01,    7.7943986004E-01,                  NaN
    8.2812500000E-01,   -8.0540144958E-01,   -6.7282534603E-01,    7.7943986004E-01,                  NaN
    8.3593750000E-01,   -8.0995928854E-01,   -6.8678894340E-01,    7.7943986004E-01,                  NaN
    8.4375000000E-01,   -8.1197773522E-01,   -6.9928404449E-01,    7.7943986004E-01,                  NaN
    8.5156250000E-01,   -8.1131015559E-01,   -7.1016106492E-01,    7.7943986004E-01,                  NaN
    8.5937500000E-01,   -8.0788168392E-01,   -7.1931117102E-01,    7.7943986004E-01,                  NaN
    8.6718750000E-01,   -8.0170015729E-01,   -7.2667687298E-01,    7.7943986004E-01,                  NaN
    8.7500000000E-01,   -7.9288464194E-01,   -7.3227454696E-01,    7.7943986004E-01,                  NaN
    8.8281250000E-01,   -7.8168514013E-01,   -7.3621158514E-01,    7.7943986004E-01,                  NaN
    8.9062500000E-01,   -7.6847016259E-01,   -7.3868241644E-01,    7.7943986004E-01,                  NaN
    8.9843750000E-01,   -7.5367627117E-01,   -7.3993875969E-01,    7.7943986004E-01,                  NaN
    9.0625000000E-01,   -7.3773418276E-01,   -7.4024281180E-01,    7.7943986004E-01,                  NaN
    9.1406250000E-01,   -7.2099895207E-01,   -7.3982071552E-01,    7.7943986004E-01,                  NaN
    9.2187500000E-01,   -7.0371188566E-01,   -7.3883432223E-01,    7.7943986004E-01,                  NaN
    9.2968750000E-01,   -6.8600985165E-01,   -7.3738238660E-01,    7.7943986004E-01,                  NaN
    9.3750000000E-01,   -6.6797850383E-01,   -7.3553069139E-01,    7.7943986004E-01,                  NaN
    9.4531250000E-01,   -6.4972715207E-01,   -7.3335841180E-01,    7.7943986004E-01,                  NaN
    9.5312500000E-01,   -6.3145267131E-01,   -7.3100023641E-01,    7.7943986004E-01,                  NaN
    9.6093750000E-01,   -6.1346353529E-01,   -7.2866448715E-01,    7.7943986004E-01,                  NaN
    9.6875000000E-01,   -5.9615239213E-01,   -7.2661754869E-01,    7.7943986004E-01,                  NaN
    9.7656250000E-01,   -5.7992890197E-01,   -7.2514025524E-01,    7.7943986004E-01,                  NaN
    9.8437500000E-01,   -5.6514201258E-01,   -7.2447480730E-01,    7.7943986004E-01,                  NaN
    9.9218750000E-01,   -5.5202313172E-01,   -7.2478420599E-01,    7.7943986004E-01,                  NaN
    1.0000000000E+00,   -5.4066795649E-01,   -7.2613815248E-01,    7.7943986004E-01,                  NaN
                 NaN,   -5.8808071900E-01,   -3.0541012643E-01,    7.7943986004E-01,                  NaN
