                Time,             Y-Force,      Work integrand,                Mass,           Mass error
    0.0000000000E+00,    4.0330631146E-06,    0.0000000000E+00,    7.7943986004E-01,                  NaN
    1.9531250000E-03,   -6.1213449837E-05,    1.7066317303E-11,    7.7943986004E-01,                  NaN
    3.9062500000E-03,   -2.2193790761E-04,   -5.8898172229E-09,    7.7943986004E-01,                  NaN
    5.8593750000E-03,   -4.8310635899E-04,   -3.3018086047E-08,    7.7943986004E-01,                  NaN
    7.8125000000E-03,   -8.4317113898E-04,   -1.0511204669E-07,    7.7943986004E-01,                  NaN
    9.7656250000E-03,   -1.3035787632E-03,   -2.5412215763E-07,    7.7943986004E-01,                  NaN
    1.1718750000E-02,   -1.8644288434E-03,   -5.2004922388E-07,    7.7943986004E-01,                  NaN
    1.3671875000E-02,   -2.5252546251E-03,   -9.5045141224E-07,    7.7943986004E-01,                  NaN
    1.5625000000E-02,   -3.2866919245E-03,   -1.6007463294E-06,    7.7943986004E-01,                  NaN
    1.7578125000E-02,   -4.1496593955E-03,   -2.5348420104E-06,    7.7943986004E-01,                  NaN
    1.9531250000E-02,   -5.1130331500E-03,   -3.8238049972E-06,    7.7943986004E-01,                  NaN
    2.1484375000E-02,   -6.1785418968E-03,   -5.5479918184E-06,    7.7943986004E-01,                  NaN
    2.3437500000E-02,   -7.3585526347E-03,   -7.8057858349E-06,    7.7943986004E-01,                  NaN
    2.5390625000E-02,   -8.6600286691E-03,   -1.0702483660E-05,    7.7943986004E-01,                  NaN
    2.7343750000E-02,   -1.0055391924E-02,   -1.4307679082E-05,    7.7943986004E-01,                  NaN
    2.9296875000E-02,   -1.1497687487E-02,   -1.8648606016E-05,    7.7943986004E-01,                  NaN
    3.1250000000E-02,   -1.2983396960E-02,   -2.3798317998E-05,    7.7943986004E-01,                  NaN
    3.3203125000E-02,   -1.4580025935E-02,   -2.9971990390E-05,    7.7943986004E-01,                  NaN
    3.5156250000E-02,   -1.6367056155E-02,   -3.7482860487E-05,    7.7943986004E-01,                  NaN
    3.7109375000E-02,   -1.8352845441E-02,   -4.6569208861E-05,    7.7943986004E-01,                  NaN
    3.9062500000E-02,   -2.0462679369E-02,   -5.7278183277E-05,    7.7943986004E-01,                  NaN
    4.1015625000E-02,   -2.2607240970E-02,   -6.9538150169E-05,    7.7943986004E-01,                  NaN
    4.2968750000E-02,   -2.4756875500E-02,   -8.3345127587E-05,    7.7943986004E-01,                  NaN
    4.4921875000E-02,   -2.6956828530E-02,   -9.8886872629E-05,    7.7943986004E-01,                  NaN
    4.6875000000E-02,   -2.9286002870E-02,   -1.1651640379E-04,    7.7943986004E-01,                  NaN
    4.8828125000E-02,   -3.1804516889E-02,   -1.3662751997E-04,    7.7943986004E-01,                  NaN
    5.0781250000E-02,   -3.4526287770E-02,   -1.5953583954E-04,    7.7943986004E-01,                  NaN
    5.2734375000E-02,   -3.7422197925E-02,   -1.8542627068E-04,    7.7943986004E-01,                  NaN
    5.4687500000E-02,   -4.0440300982E-02,   -2.1436835171E-04,    7.7943986004E-01,                  NaN
    5.6640625000E-02,   -4.3528373247E-02,   -2.4637308189E-04,    7.7943986004E-01,                  NaN
    5.8593750000E-02,   -4.6650600925E-02,   -2.8146378549E-04,    7.7943986004E-01,                  NaN
    6.0546875000E-02,   -4.9795653436E-02,   -3.1973897994E-04,    7.7943986004E-01,                  NaN
    6.2500000000E-02,   -5.2976259269E-02,   -3.6141000468E-04,    7.7943986004E-01,                  NaN
    6.4453125000E-02,   -5.6222134624E-02,   -4.0680348783E-04,    7.7943986004E-01,                  NaN
    6.6406250000E-02,   -5.9569430256E-02,   -4.5633006808E-04,    7.7943986004E-01,                  NaN
    6.8359375000E-02,   -6.3050352342E-02,   -5.1043218379E-04,    7.7943986004E-01,                  NaN
    7.0312500000E-02,   -6.6685882104E-02,   -5.6952952347E-04,    7.7943986004E-01,                  NaN
    7.2265625000E-02,   -7.0482879946E-02,   -6.3397834949E-04,    7.7943986004E-01,                  NaN
    7.4218750000E-02,   -7.4435168716E-02,   -7.0405285049E-04,    7.7943986004E-01,                  NaN
    7.6171875000E-02,   -7.8527205237E-02,   -7.7994837476E-04,    7.7943986004E-01,                  NaN
    7.8125000000E-02,   -8.2738830729E-02,   -8.6180176533E-04,    7.7943986004E-01,                  NaN
    8.0078125000E-02,   -8.7049952331E-02,   -9.4972282361E-04,    7.7943986004E-01,                  NaN
    8.2031250000E-02,   -9.1444390901E-02,   -1.0438305322E-03,    7.7943986004E-01,                  NaN
    8.3984375000E-02,   -9.5912390442E-02,   -1.1442868393E-03,    7.7943986004E-01,                  NaN
    8.5937500000E-02,   -1.0045154358E-01,   -1.2513209448E-03,    7.7943986004E-01,                  NaN
    8.7890625000E-02,   -1.0506622457E-01,   -1.3652396424E-03,    7.7943986004E-01,                  NaN
    8.9843750000E-02,   -1.0976592489E-01,   -1.4864234520E-03,    7.7943986004E-01,                  NaN
    9.1796875000E-02,   -1.1456300354E-01,   -1.6153114225E-03,    7.7943986004E-01,                  NaN
    9.3750000000E-02,   -1.1947029631E-01,   -1.7523782838E-03,    7.7943986004E-01,                  NaN
    9.5703125000E-02,   -1.2449891408E-01,   -1.8981071960E-03,    7.7943986004E-01,                  NaN
    9.7656250000E-02,   -1.2965650326E-01,   -2.0529615303E-03,    7.7943986004E-01,                  NaN
    9.9609375000E-02,   -1.3494621176E-01,   -2.2173601910E-03,    7.7943986004E-01,                  NaN
    1.0156250000E-01,   -1.4036651103E-01,   -2.3916615273E-03,    7.7943986004E-01,                  NaN
    1.0351562500E-01,   -1.4591184360E-01,   -2.5761594970E-03,    7.7943986004E-01,                  NaN
    1.0546875000E-01,   -1.5157386423E-01,   -2.7710924835E-03,    7.7943986004E-01,                  NaN
    1.0742187500E-01,   -1.5734291588E-01,   -2.9766614546E-03,    7.7943986004E-01,                  NaN
    1.0937500000E-01,   -1.6320938022E-01,   -3.1930516812E-03,    7.7943986004E-01,                  NaN
    1.1132812500E-01,   -1.6916465418E-01,   -3.4204520690E-03,    7.7943986004E-01,                  NaN
    1.1328125000E-01,   -1.7520167426E-01,   -3.6590682695E-03,    7.7943986004E-01,                  NaN
    1.1523437500E-01,   -1.8131506895E-01,   -3.9091290425E-03,    7.7943986004E-01,                  NaN
    1.1718750000E-01,   -1.8750110283E-01,   -4.1708881353E-03,    7.7943986004E-01,                  NaN
    1.1914062500E-01,   -1.9375756054E-01,   -4.4446248101E-03,    7.7943986004E-01,                  NaN
    1.2109375000E-01,   -2.0008363185E-01,   -4.7306448657E-03,    7.7943986004E-01,                  NaN
    1.2304687500E-01,   -2.0647976785E-01,   -5.0292816785E-03,    7.7943986004E-01,                  NaN
    1.2500000000E-01,   -2.1294743970E-01,   -5.3408951210E-03,    7.7943986004E-01,                  NaN
    1.2695312500E-01,   -2.1948876066E-01,   -5.6658662456E-03,    7.7943986004E-01,                  NaN
    1.2890625000E-01,   -2.2610599573E-01,   -6.0045871377E-03,    7.7943986004E-01,                  NaN
    1.3085937500E-01,   -2.3280103261E-01,   -6.3574472316E-03,    7.7943986004E-01,                  NaN
    1.3281250000E-01,   -2.3957490115E-01,   -6.7248186015E-03,    7.7943986004E-01,                  NaN
    1.3476562500E-01,   -2.4642741202E-01,   -7.1070429620E-03,    7.7943986004E-01,                  NaN
    1.3671875000E-01,   -2.5335696321E-01,   -7.5044226725E-03,    7.7943986004E-01,                  NaN
    1.3867187500E-01,   -2.6036054498E-01,   -7.9172173442E-03,    7.7943986004E-01,                  NaN
    1.4062500000E-01,   -2.6743395079E-01,   -8.3456467604E-03,    7.7943986004E-01,                  NaN
    1.4257812500E-01,   -2.7457216369E-01,   -8.7898995693E-03,    7.7943986004E-01,                  NaN
    1.4453125000E-01,   -2.8176983653E-01,   -9.2501456409E-03,    7.7943986004E-01,                  NaN
    1.4648437500E-01,   -2.8902174691E-01,   -9.7265486409E-03,    7.7943986004E-01,                  NaN
    1.4843750000E-01,   -2.9632310875E-01,   -1.0219275027E-02,    7.7943986004E-01,                  NaN
    1.5039062500E-01,   -3.0366967062E-01,   -1.0728496749E-02,    7.7943986004E-01,                  NaN
    1.5234375000E-01,   -3.1105760596E-01,   -1.1254387126E-02,    7.7943986004E-01,                  NaN
    1.5429687500E-01,   -3.1848326483E-01,   -1.1797111663E-02,    7.7943986004E-01,                  NaN
    1.5625000000E-01,   -3.2594288186E-01,   -1.2356816894E-02,    7.7943986004E-01,                  NaN
    1.5820312500E-01,   -3.3343231186E-01,   -1.2933620067E-02,    7.7943986004E-01,                  NaN
    1.6015625000E-01,   -3.4094681185E-01,   -1.3527600803E-02,    7.7943986004E-01,                  NaN
    1.6210937500E-01,   -3.4848083650E-01,   -1.4138793712E-02,    7.7943986004E-01,                  NaN
    1.6406250000E-01,   -3.5602779027E-01,   -1.4767179307E-02,    7.7943986004E-01,                  NaN
    1.6601562500E-01,   -3.6357969546E-01,   -1.5412670410E-02,    7.7943986004E-01,                  NaN
    1.6796875000E-01,   -3.7112678424E-01,   -1.6075092700E-02,    7.7943986004E-01,                  NaN
    1.6992187500E-01,   -3.7865708522E-01,   -1.6754160816E-02,    7.7943986004E-01,                  NaN
    1.7187500000E-01,   -3.8615612514E-01,   -1.7449454493E-02,    7.7943986004E-01,                  NaN
    1.7382812500E-01,   -3.9360688494E-01,   -1.8160401519E-02,    7.7943986004E-01,                  NaN
    1.7578125000E-01,   -4.0099012414E-01,   -1.8886274835E-02,    7.7943986004E-01,                  NaN
    1.7773437500E-01,   -4.0828512150E-01,   -1.9626209391E-02,    7.7943986004E-01,                  NaN
    1.7968750000E-01,   -4.1547078869E-01,   -2.0379240644E-02,    7.7943986004E-01,                  NaN
    1.8164062500E-01,   -4.2252701977E-01,   -2.1144361643E-02,    7.7943986004E-01,                  NaN
    1.8359375000E-01,   -4.2943607031E-01,   -2.1920590890E-02,    7.7943986004E-01,                  NaN
    1.8554687500E-01,   -4.3618373492E-01,   -2.2707039860E-02,    7.7943986004E-01,                  NaN
    1.8750000000E-01,   -4.4276012022E-01,   -2.3502968331E-02,    7.7943986004E-01,                  NaN
    1.8945312500E-01,   -4.4915988560E-01,   -2.4307817680E-02,    7.7943986004E-01,                  NaN
    1.9140625000E-01,   -4.5538192795E-01,   -2.5121216716E-02,    7.7943986004E-01,                  NaN
    1.9335937500E-01,   -4.6142859224E-01,   -2.5942960231E-02,    7.7943986004E-01,                  NaN
    1.9531250000E-01,   -4.6730457297E-01,   -2.6772965841E-02,    7.7943986004E-01,                  NaN
    1.9726562500E-01,   -4.7301571441E-01,   -2.7611218644E-02,    7.7943986004E-01,                  NaN
    1.9921875000E-01,   -4.7856791374E-01,   -2.8457714817E-02,    7.7943986004E-01,                  NaN
    2.0117187500E-01,   -4.8396628842E-01,   -2.9312414446E-02,    7.7943986004E-01,                  NaN
    2.0312500000E-01,   -4.8921469994E-01,   -3.0175210987E-02,    7.7943986004E-01,                  NaN
    2.0507812500E-01,   -4.9431564977E-01,   -3.1045920754E-02,    7.7943986004E-01,                  NaN
    2.0703125000E-01,   -4.9927049543E-01,   -3.1924291579E-02,    7.7943986004E-01,                  NaN
    2.0898437500E-01,   -5.0407988628E-01,   -3.2810026297E-02,    7.7943986004E-01,                  NaN
    2.1093750000E-01,   -5.0874429565E-01,   -3.3702814453E-02,    7.7943986004E-01,                  NaN
    2.1289062500E-01,   -5.1326452753E-01,   -3.4602364854E-02,    7.7943986004E-01,                  NaN
    2.1484375000E-01,   -5.1764209777E-01,   -3.5508432229E-02,    7.7943986004E-01,                  NaN
    2.1679687500E-01,   -5.2187942465E-01,   -3.6420832968E-02,    7.7943986004E-01,                  NaN
    2.1875000000E-01,   -5.2597980420E-01,   -3.7339447232E-02,    7.7943986004E-01,                  NaN
    2.2070312500E-01,   -5.2994718464E-01,   -3.8264207263E-02,    7.7943986004E-01,                  NaN
    2.2265625000E-01,   -5.3378578660E-01,   -3.9195073984E-02,    7.7943986004E-01,                  NaN
    2.2460937500E-01,   -5.3749963814E-01,   -4.0132005831E-02,    7.7943986004E-01,                  NaN
    2.2656250000E-01,   -5.4109210338E-01,   -4.1074924821E-02,    7.7943986004E-01,                  NaN
    2.2851562500E-01,   -5.4456548273E-01,   -4.2023685260E-02,    7.7943986004E-01,                  NaN
    2.3046875000E-01,   -5.4792074939E-01,   -4.2978050070E-02,    7.7943986004E-01,                  NaN
    2.3242187500E-01,   -5.5115746592E-01,   -4.3937678582E-02,    7.7943986004E-01,                  NaN
    2.3437500000E-01,   -5.5427389697E-01,   -4.4902128014E-02,    7.7943986004E-01,                  NaN
    2.3632812500E-01,   -5.5726730407E-01,   -4.5870868772E-02,    7.7943986004E-01,                  NaN
    2.3828125000E-01,   -5.6013438035E-01,   -4.6843311626E-02,    7.7943986004E-01,                  NaN
    2.4023437500E-01,   -5.6287176070E-01,   -4.7818842878E-02,    7.7943986004E-01,                  NaN
    2.4218750000E-01,   -5.6547652966E-01,   -4.8796862297E-02,    7.7943986004E-01,                  NaN
    2.4414062500E-01,   -5.6794664929E-01,   -4.9776817949E-02,    7.7943986004E-01,                  NaN
    2.4609375000E-01,   -5.7028124050E-01,   -5.0758232386E-02,    7.7943986004E-01,                  NaN
    2.4804687500E-01,   -5.7248067463E-01,   -5.1740715897E-02,    7.7943986004E-01,                  NaN
    2.5000000000E-01,   -5.7454646266E-01,   -5.2723964509E-02,    7.7943986004E-01,                  NaN
    2.5195312500E-01,   -5.7648096292E-01,   -5.3707742947E-02,    7.7943986004E-01,                  NaN
    2.5390625000E-01,   -5.7828695842E-01,   -5.4691855294E-02,    7.7943986004E-01,                  NaN
    2.5585937500E-01,   -5.7996717724E-01,   -5.5676108286E-02,    7.7943986004E-01,                  NaN
    2.5781250000E-01,   -5.8152383836E-01,   -5.6660273620E-02,    7.7943986004E-01,                  NaN
    2.5976562500E-01,   -5.8295830111E-01,   -5.7644055931E-02,    7.7943986004E-01,                  NaN
    2.6171875000E-01,   -5.8427087734E-01,   -5.8627072317E-02,    7.7943986004E-01,                  NaN
    2.6367187500E-01,   -5.8546083710E-01,   -5.9608847315E-02,    7.7943986004E-01,                  NaN
    2.6562500000E-01,   -5.8652660515E-01,   -6.0588824656E-02,    7.7943986004E-01,                  NaN
    2.6757812500E-01,   -5.8746611338E-01,   -6.1566394192E-02,    7.7943986004E-01,                  NaN
    2.6953125000E-01,   -5.8827724994E-01,   -6.2540929813E-02,    7.7943986004E-01,                  NaN
    2.7148437500E-01,   -5.8895833216E-01,   -6.3511832389E-02,    7.7943986004E-01,                  NaN
    2.7343750000E-01,   -5.8950853083E-01,   -6.4478571068E-02,    7.7943986004E-01,                  NaN
    2.7539062500E-01,   -5.8992818545E-01,   -6.5440716780E-02,    7.7943986004E-01,                  NaN
    2.7734375000E-01,   -5.9021897173E-01,   -6.6397963365E-02,    7.7943986004E-01,                  NaN
    2.7929687500E-01,   -5.9038390807E-01,   -6.7350133991E-02,    7.7943986004E-01,                  NaN
    2.8125000000E-01,   -5.9042721306E-01,   -6.8297172920E-02,    7.7943986004E-01,                  NaN
    2.8320312500E-01,   -5.9035404556E-01,   -6.9239124917E-02,    7.7943986004E-01,                  NaN
    2.8515625000E-01,   -5.9017017128E-01,   -7.0176106054E-02,    7.7943986004E-01,                  NaN
    2.8710937500E-01,   -5.8988160364E-01,   -7.1108270465E-02,    7.7943986004E-01,                  NaN
    2.8906250000E-01,   -5.8949426266E-01,   -7.2035777474E-02,    7.7943986004E-01,                  NaN
    2.9101562500E-01,   -5.8901368715E-01,   -7.2958762892E-02,    7.7943986004E-01,                  NaN
    2.9296875000E-01,   -5.8844482372E-01,   -7.3877317174E-02,    7.7943986004E-01,                  NaN
    2.9492187500E-01,   -5.8779190492E-01,   -7.4791472050E-02,    7.7943986004E-01,                  NaN
    2.9687500000E-01,   -5.8705841850E-01,   -7.5701196158E-02,    7.7943986004E-01,                  NaN
    2.9882812500E-01,   -5.8624716192E-01,   -7.6606399441E-02,    7.7943986004E-01,                  NaN
    3.0078125000E-01,   -5.8536037040E-01,   -7.7506945413E-02,    7.7943986004E-01,                  NaN
    3.0273437500E-01,   -5.8439990259E-01,   -7.8402670016E-02,    7.7943986004E-01,                  NaN
    3.0468750000E-01,   -5.8336746447E-01,   -7.9293405354E-02,    7.7943986004E-01,                  NaN
    3.0664062500E-01,   -5.8226484986E-01,   -8.0179006296E-02,    7.7943986004E-01,                  NaN
    3.0859375000E-01,   -5.8109417435E-01,   -8.1059377596E-02,    7.7943986004E-01,                  NaN
    3.1054687500E-01,   -5.7985807951E-01,   -8.1934498953E-02,    7.7943986004E-01,                  NaN
    3.1250000000E-01,   -5.7855988612E-01,   -8.2804445429E-02,    7.7943986004E-01,                  NaN
    3.1445312500E-01,   -5.7720368016E-01,   -8.3669400926E-02,    7.7943986004E-01,                  NaN
    3.1640625000E-01,   -5.7579432243E-01,   -8.4529663091E-02,    7.7943986004E-01,                  NaN
    3.1835937500E-01,   -5.7433738264E-01,   -8.5385639116E-02,    7.7943986004E-01,                  NaN
    3.2031250000E-01,   -5.7283900928E-01,   -8.6237833242E-02,    7.7943986004E-01,                  NaN
    3.2226562500E-01,   -5.7130575741E-01,   -8.7086828260E-02,    7.7943986004E-01,                  NaN
    3.2421875000E-01,   -5.6974440436E-01,   -8.7933264620E-02,    7.7943986004E-01,                  NaN
    3.2617187500E-01,   -5.6816178762E-01,   -8.8777821650E-02,    7.7943986004E-01,                  NaN
    3.2812500000E-01,   -5.6656469815E-01,   -8.9621205585E-02,    7.7943986004E-01,                  NaN
    3.3007812500E-01,   -5.6495985518E-01,   -9.0464148504E-02,    7.7943986004E-01,                  NaN
    3.3203125000E-01,   -5.6335397668E-01,   -9.1307420778E-02,    7.7943986004E-01,                  NaN
    3.3398437500E-01,   -5.6175394333E-01,   -9.2151857501E-02,    7.7943986004E-01,                  NaN
    3.3593750000E-01,   -5.6016703661E-01,   -9.2998396817E-02,    7.7943986004E-01,                  NaN
    3.3789062500E-01,   -5.5860121601E-01,   -9.3848125550E-02,    7.7943986004E-01,                  NaN
    3.3984375000E-01,   -5.5706538863E-01,   -9.4702325534E-02,    7.7943986004E-01,                  NaN
    3.4179687500E-01,   -5.5556962019E-01,   -9.5562512949E-02,    7.7943986004E-01,                  NaN
    3.4375000000E-01,   -5.5412524002E-01,   -9.6430462999E-02,    7.7943986004E-01,                  NaN
    3.4570312500E-01,   -5.5274480405E-01,   -9.7308213665E-02,    7.7943986004E-01,                  NaN
    3.4765625000E-01,   -5.5144189797E-01,   -9.8198044669E-02,    7.7943986004E-01,                  NaN
    3.4960937500E-01,   -5.5023078472E-01,   -9.9102431005E-02,    7.7943986004E-01,                  NaN
    3.5156250000E-01,   -5.4912592217E-01,   -1.0002397384E-01,    7.7943986004E-01,                  NaN
    3.5351562500E-01,   -5.4814139606E-01,   -1.0096531469E-01,    7.7943986004E-01,                  NaN
    3.5546875000E-01,   -5.4729032537E-01,   -1.0192904113E-01,    7.7943986004E-01,                  NaN
    3.5742187500E-01,   -5.4658430150E-01,   -1.0291759324E-01,    7.7943986004E-01,                  NaN
    3.5937500000E-01,   -5.4603291815E-01,   -1.0393317993E-01,    7.7943986004E-01,                  NaN
    3.6132812500E-01,   -5.4564343630E-01,   -1.0497771249E-01,    7.7943986004E-01,                  NaN
    3.6328125000E-01,   -5.4542061094E-01,   -1.0605276063E-01,    7.7943986004E-01,                  NaN
    3.6523437500E-01,   -5.4536668604E-01,   -1.0715953274E-01,    7.7943986004E-01,                  NaN
    3.6718750000E-01,   -5.4548154452E-01,   -1.0829887970E-01,    7.7943986004E-01,                  NaN
    3.6914062500E-01,   -5.4576298409E-01,   -1.0947131860E-01,    7.7943986004E-01,                  NaN
    3.7109375000E-01,   -5.4620707952E-01,   -1.1067707131E-01,    7.7943986004E-01,                  NaN
    3.7304687500E-01,   -5.4680858761E-01,   -1.1191611178E-01,    7.7943986004E-01,                  NaN
    3.7500000000E-01,   -5.4756135368E-01,   -1.1318821671E-01,    7.7943986004E-01,                  NaN
    3.7695312500E-01,   -5.4845868576E-01,   -1.1449301460E-01,    7.7943986004E-01,                  NaN
    3.7890625000E-01,   -5.4949367310E-01,   -1.1583003033E-01,    7.7943986004E-01,                  NaN
    3.8085937500E-01,   -5.5065943779E-01,   -1.1719872354E-01,    7.7943986004E-01,                  NaN
    3.8281250000E-01,   -5.5194931945E-01,   -1.1859852125E-01,    7.7943986004E-01,                  NaN
    3.8476562500E-01,   -5.5335700183E-01,   -1.2002884563E-01,    7.7943986004E-01,                  NaN
    3.8671875000E-01,   -5.5487659580E-01,   -1.2148913889E-01,    7.7943986004E-01,                  NaN
    3.8867187500E-01,   -5.5650269545E-01,   -1.2297888704E-01,    7.7943986004E-01,                  NaN
    3.9062500000E-01,   -5.5823042240E-01,   -1.2449764383E-01,    7.7943986004E-01,                  NaN
    3.9257812500E-01,   -5.6005546973E-01,   -1.2604505528E-01,    7.7943986004E-01,                  NaN
    3.9453125000E-01,   -5.6197415106E-01,   -1.2762088436E-01,    7.7943986004E-01,                  NaN
    3.9648437500E-01,   -5.6398345435E-01,   -1.2922503414E-01,    7.7943986004E-01,                  NaN
    3.9843750000E-01,   -5.6608109458E-01,   -1.3085756744E-01,    7.7943986004E-01,                  NaN
    4.0039062500E-01,   -5.6826555525E-01,   -1.3251872035E-01,    7.7943986004E-01,                  NaN
    4.0234375000E-01,   -5.7053610703E-01,   -1.3420890727E-01,    7.7943986004E-01,                  NaN
    4.0429687500E-01,   -5.7289279256E-01,   -1.3592871562E-01,    7.7943986004E-01,                  NaN
    4.0625000000E-01,   -5.7533636882E-01,   -1.3767888941E-01,    7.7943986004E-01,                  NaN
    4.0820312500E-01,   -5.7786820386E-01,   -1.3946030174E-01,    7.7943986004E-01,                  NaN
    4.1015625000E-01,   -5.8049013000E-01,   -1.4127391794E-01,    7.7943986004E-01,                  NaN
    4.1210937500E-01,   -5.8320426221E-01,   -1.4312075192E-01,    7.7943986004E-01,                  NaN
    4.1406250000E-01,   -5.8601279561E-01,   -1.4500181943E-01,    7.7943986004E-01,                  NaN
    4.1601562500E-01,   -5.8891780017E-01,   -1.4691809242E-01,    7.7943986004E-01,                  NaN
    4.1796875000E-01,   -5.9192103237E-01,   -1.4887045879E-01,    7.7943986004E-01,                  NaN
    4.1992187500E-01,   -5.9502378282E-01,   -1.5085969146E-01,    7.7943986004E-01,                  NaN
    4.2187500000E-01,   -5.9822677508E-01,   -1.5288642965E-01,    7.7943986004E-01,                  NaN
    4.2382812500E-01,   -6.0153012541E-01,   -1.5495117412E-01,    7.7943986004E-01,                  NaN
    4.2578125000E-01,   -6.0493336546E-01,   -1.5705429632E-01,    7.7943986004E-01,                  NaN
    4.2773437500E-01,   -6.0843552199E-01,   -1.5919606004E-01,    7.7943986004E-01,                  NaN
    4.2968750000E-01,   -6.1203524021E-01,   -1.6137665221E-01,    7.7943986004E-01,                  NaN
    4.3164062500E-01,   -6.1573093116E-01,   -1.6359621861E-01,    7.7943986004E-01,                  NaN
    4.3359375000E-01,   -6.1952092040E-01,   -1.6585489944E-01,    7.7943986004E-01,                  NaN
    4.3554687500E-01,   -6.2340357494E-01,   -1.6815285941E-01,    7.7943986004E-01,                  NaN
    4.3750000000E-01,   -6.2737738821E-01,   -1.7049030794E-01,    7.7943986004E-01,                  NaN
    4.3945312500E-01,   -6.3144100912E-01,   -1.7286750583E-01,    7.7943986004E-01,                  NaN
    4.4140625000E-01,   -6.3559320917E-01,   -1.7528475696E-01,    7.7943986004E-01,                  NaN
    4.4335937500E-01,   -6.3983279080E-01,   -1.7774238500E-01,    7.7943986004E-01,                  NaN
    4.4531250000E-01,   -6.4415844886E-01,   -1.8024069768E-01,    7.7943986004E-01,                  NaN
    4.4726562500E-01,   -6.4856860429E-01,   -1.8277994245E-01,    7.7943986004E-01,                  NaN
    4.4921875000E-01,   -6.5306123353E-01,   -1.8536025894E-01,    7.7943986004E-01,                  NaN
    4.5117187500E-01,   -6.5763371785E-01,   -1.8798163399E-01,    7.7943986004E-01,                  NaN
    4.5312500000E-01,   -6.6228273466E-01,   -1.9064386501E-01,    7.7943986004E-01,                  NaN
    4.5507812500E-01,   -6.6700420677E-01,   -1.9334653600E-01,    7.7943986004E-01,                  NaN
    4.5703125000E-01,   -6.7179331763E-01,   -1.9608900949E-01,    7.7943986004E-01,                  NaN
    4.5898437500E-01,   -6.7664459160E-01,   -1.9887043505E-01,    7.7943986004E-01,                  NaN
    4.6093750000E-01,   -6.8155202941E-01,   -2.0168977323E-01,    7.7943986004E-01,                  NaN
    4.6289062500E-01,   -6.8650928180E-01,   -2.0454583170E-01,    7.7943986004E-01,                  NaN
    4.6484375000E-01,   -6.9150983987E-01,   -2.0743730876E-01,    7.7943986004E-01,                  NaN
    4.6679687500E-01,   -6.9654721903E-01,   -2.1036283872E-01,    7.7943986004E-01,                  NaN
    4.6875000000E-01,   -7.0161511545E-01,   -2.1332103363E-01,    7.7943986004E-01,                  NaN
    4.7070312500E-01,   -7.0670751844E-01,   -2.1631051640E-01,    7.7943986004E-01,                  NaN
    4.7265625000E-01,   -7.1181876874E-01,   -2.1932994191E-01,    7.7943986004E-01,                  NaN
    4.7460937500E-01,   -7.1694356037E-01,   -2.2237800430E-01,    7.7943986004E-01,                  NaN
    4.7656250000E-01,   -7.2207689089E-01,   -2.2545343061E-01,    7.7943986004E-01,                  NaN
    4.7851562500E-01,   -7.2721397107E-01,   -2.2855496282E-01,    7.7943986004E-01,                  NaN
    4.8046875000E-01,   -7.3235010900E-01,   -2.3168133131E-01,    7.7943986004E-01,                  NaN
    4.8242187500E-01,   -7.3748058538E-01,   -2.3483122405E-01,    7.7943986004E-01,                  NaN
    4.8437500000E-01,   -7.4260053601E-01,   -2.3800325564E-01,    7.7943986004E-01,                  NaN
    4.8632812500E-01,   -7.4770485445E-01,   -2.4119593991E-01,    7.7943986004E-01,                  NaN
    4.8828125000E-01,   -7.5278812341E-01,   -2.4440766897E-01,    7.7943986004E-01,                  NaN
    4.9023437500E-01,   -7.5784457838E-01,   -2.4763670008E-01,    7.7943986004E-01,                  NaN
    4.9218750000E-01,   -7.6286810128E-01,   -2.5088115027E-01,    7.7943986004E-01,                  NaN
    4.9414062500E-01,   -7.6785223821E-01,   -2.5413899754E-01,    7.7943986004E-01,                  NaN
    4.9609375000E-01,   -7.7279023146E-01,   -2.5740808618E-01,    7.7943986004E-01,                  NaN
    4.9804687500E-01,   -7.7767505554E-01,   -2.6068613334E-01,    7.7943986004E-01,                  NaN
    5.0000000000E-01,   -7.8249944673E-01,   -2.6397073408E-01,    7.7943986004E-01,                  NaN
    5.0195312500E-01,   -7.8725591868E-01,   -2.6725936252E-01,    7.7943986004E-01,                  NaN
    5.0390625000E-01,   -7.9193675969E-01,   -2.7054936782E-01,    7.7943986004E-01,                  NaN
    5.0585937500E-01,   -7.9653401218E-01,   -2.7383796496E-01,    7.7943986004E-01,                  NaN
    5.0781250000E-01,   -8.0103943919E-01,   -2.7712222190E-01,    7.7943986004E-01,                  NaN
    5.0976562500E-01,   -8.0544448692E-01,   -2.8039904561E-01,    7.7943986004E-01,                  NaN
    5.1171875000E-01,   -8.0974025533E-01,   -2.8366517097E-01,    7.7943986004E-01,                  NaN
    5.1367187500E-01,   -8.1391748974E-01,   -2.8691715641E-01,    7.7943986004E-01,                  NaN
    5.1562500000E-01,   -8.1796660625E-01,   -2.9015139065E-01,    7.7943986004E-01,                  NaN
    5.1757812500E-01,   -8.2187776106E-01,   -2.9336411380E-01,    7.7943986004E-01,                  NaN
    5.1953125000E-01,   -8.2564096963E-01,   -2.9655145503E-01,    7.7943986004E-01,                  NaN
    5.2148437500E-01,   -8.2924627685E-01,   -2.9970948738E-01,    7.7943986004E-01,                  NaN
    5.2343750000E-01,   -8.3268397301E-01,   -3.0283429846E-01,    7.7943986004E-01,                  NaN
    5.2539062500E-01,   -8.3594484555E-01,   -3.0592207399E-01,    7.7943986004E-01,                  NaN
    5.2734375000E-01,   -8.3902045130E-01,   -3.0896918954E-01,    7.7943986004E-01,                  NaN
    5.2929687500E-01,   -8.4190339112E-01,   -3.1197230473E-01,    7.7943986004E-01,                  NaN
    5.3125000000E-01,   -8.4458756723E-01,   -3.1492845367E-01,    7.7943986004E-01,                  NaN
    5.3320312500E-01,   -8.4706840427E-01,   -3.1783512519E-01,    7.7943986004E-01,                  NaN
    5.3515625000E-01,   -8.4934301739E-01,   -3.2069032736E-01,    7.7943986004E-01,                  NaN
    5.3710937500E-01,   -8.5141031470E-01,   -3.2349263164E-01,    7.7943986004E-01,                  NaN
    5.3906250000E-01,   -8.5327102666E-01,   -3.2624119381E-01,    7.7943986004E-01,                  NaN
    5.4101562500E-01,   -8.5492765990E-01,   -3.2893575024E-01,    7.7943986004E-01,                  NaN
    5.4296875000E-01,   -8.5638437915E-01,   -3.3157659003E-01,    7.7943986004E-01,                  NaN
    5.4492187500E-01,   -8.5764682483E-01,   -3.3416450502E-01,    7.7943986004E-01,                  NaN
    5.4687500000E-01,   -8.5872187843E-01,   -3.3670072119E-01,    7.7943986004E-01,                  NaN
    5.4882812500E-01,   -8.5961738960E-01,   -3.3918681560E-01,    7.7943986004E-01,                  NaN
    5.5078125000E-01,   -8.6034188045E-01,   -3.4162462403E-01,    7.7943986004E-01,                  NaN
    5.5273437500E-01,   -8.6090424251E-01,   -3.4401614434E-01,    7.7943986004E-01,                  NaN
    5.5468750000E-01,   -8.6131344029E-01,   -3.4636344044E-01,    7.7943986004E-01,                  NaN
    5.5664062500E-01,   -8.6157823410E-01,   -3.4866855132E-01,    7.7943986004E-01,                  NaN
    5.5859375000E-01,   -8.6170693195E-01,   -3.5093340875E-01,    7.7943986004E-01,                  NaN
    5.6054687500E-01,   -8.6170717785E-01,   -3.5315976646E-01,    7.7943986004E-01,                  NaN
    5.6250000000E-01,   -8.6158578164E-01,   -3.5534914252E-01,    7.7943986004E-01,                  NaN
    5.6445312500E-01,   -8.6134859252E-01,   -3.5750277604E-01,    7.7943986004E-01,                  NaN
    5.6640625000E-01,   -8.6100041709E-01,   -3.5962159805E-01,    7.7943986004E-01,                  NaN
    5.6835937500E-01,   -8.6054498074E-01,   -3.6170621640E-01,    7.7943986004E-01,                  NaN
    5.7031250000E-01,   -8.5998493001E-01,   -3.6375691331E-01,    7.7943986004E-01,                  NaN
    5.7226562500E-01,   -8.5932187288E-01,   -3.6577365459E-01,    7.7943986004E-01,                  NaN
    5.7421875000E-01,   -8.5855645294E-01,   -3.6775610902E-01,    7.7943986004E-01,                  NaN
    5.7617187500E-01,   -8.5768845335E-01,   -3.6970367643E-01,    7.7943986004E-01,                  NaN
    5.7812500000E-01,   -8.5671692563E-01,   -3.7161552320E-01,    7.7943986004E-01,                  NaN
    5.8007812500E-01,   -8.5564033831E-01,   -3.7349062389E-01,    7.7943986004E-01,                  NaN
    5.8203125000E-01,   -8.5445673979E-01,   -3.7532780766E-01,    7.7943986004E-01,                  NaN
    5.8398437500E-01,   -8.5316392932E-01,   -3.7712580822E-01,    7.7943986004E-01,                  NaN
    5.8593750000E-01,   -8.5175962987E-01,   -3.7888331589E-01,    7.7943986004E-01,                  NaN
    5.8789062500E-01,   -8.5024165589E-01,   -3.8059903006E-01,    7.7943986004E-01,                  NaN
    5.8984375000E-01,   -8.4860806931E-01,   -3.8227171033E-01,    7.7943986004E-01,                  NaN
    5.9179687500E-01,   -8.4685731709E-01,   -3.8390022412E-01,    7.7943986004E-01,                  NaN
    5.9375000000E-01,   -8.4498834455E-01,   -3.8548358891E-01,    7.7943986004E-01,                  NaN
    5.9570312500E-01,   -8.4300067975E-01,   -3.8702100697E-01,    7.7943986004E-01,                  NaN
    5.9765625000E-01,   -8.4089448601E-01,   -3.8851189113E-01,    7.7943986004E-01,                  NaN
    5.9960937500E-01,   -8.3867058171E-01,   -3.8995588047E-01,    7.7943986004E-01,                  NaN
    6.0156250000E-01,   -8.3633042896E-01,   -3.9135284571E-01,    7.7943986004E-01,                  NaN
    6.0351562500E-01,   -8.3387609504E-01,   -3.9270288499E-01,    7.7943986004E-01,                  NaN
    6.0546875000E-01,   -8.3131019271E-01,   -3.9400631144E-01,    7.7943986004E-01,                  NaN
    6.0742187500E-01,   -8.2863580725E-01,   -3.9526363512E-01,    7.7943986004E-01,                  NaN
    6.0937500000E-01,   -8.2585641870E-01,   -3.9647554186E-01,    7.7943986004E-01,                  NaN
    6.1132812500E-01,   -8.2297582803E-01,   -3.9764287243E-01,    7.7943986004E-01,                  NaN
    6.1328125000E-01,   -8.1999809482E-01,   -3.9876660470E-01,    7.7943986004E-01,                  NaN
    6.1523437500E-01,   -8.1692749225E-01,   -3.9984784129E-01,    7.7943986004E-01,                  NaN
    6.1718750000E-01,   -8.1376848265E-01,   -4.0088780407E-01,    7.7943986004E-01,                  NaN
    6.1914062500E-01,   -8.1052571414E-01,   -4.0188783602E-01,    7.7943986004E-01,                  NaN
    6.2109375000E-01,   -8.0720403582E-01,   -4.0284940964E-01,    7.7943986004E-01,                  NaN
    6.2304687500E-01,   -8.0380852682E-01,   -4.0377414013E-01,    7.7943986004E-01,                  NaN
    6.2500000000E-01,   -8.0034453251E-01,   -4.0466380085E-01,    7.7943986004E-01,                  NaN
    6.2695312500E-01,   -7.9681770048E-01,   -4.0552033811E-01,    7.7943986004E-01,                  NaN
    6.2890625000E-01,   -7.9323400898E-01,   -4.0634588236E-01,    7.7943986004E-01,                  NaN
    6.3085937500E-01,   -7.8959978181E-01,   -4.0714275315E-01,    7.7943986004E-01,                  NaN
    6.3281250000E-01,   -7.8592168502E-01,   -4.0791345636E-01,    7.7943986004E-01,                  NaN
    6.3476562500E-01,   -7.8220670380E-01,   -4.0866067256E-01,    7.7943986004E-01,                  NaN
    6.3671875000E-01,   -7.7846209972E-01,   -4.0938723704E-01,    7.7943986004E-01,                  NaN
    6.3867187500E-01,   -7.7469535125E-01,   -4.1009611263E-01,    7.7943986004E-01,                  NaN
    6.4062500000E-01,   -7.7091408202E-01,   -4.1079035734E-01,    7.7943986004E-01,                  NaN
    6.4257812500E-01,   -7.6712598275E-01,   -4.1147308963E-01,    7.7943986004E-01,                  NaN
    6.4453125000E-01,   -7.6333873285E-01,   -4.1214745385E-01,    7.7943986004E-01,                  NaN
    6.4648437500E-01,   -7.5955992788E-01,   -4.1281658887E-01,    7.7943986004E-01,                  NaN
    6.4843750000E-01,   -7.5579701800E-01,   -4.1348360222E-01,    7.7943986004E-01,                  NaN
    6.5039062500E-01,   -7.5205726131E-01,   -4.1415155147E-01,    7.7943986004E-01,                  NaN
    6.5234375000E-01,   -7.4834769474E-01,   -4.1482343435E-01,    7.7943986004E-01,                  NaN
    6.5429687500E-01,   -7.4467512341E-01,   -4.1550218778E-01,    7.7943986004E-01,                  NaN
    6.5625000000E-01,   -7.4104612825E-01,   -4.1619069585E-01,    7.7943986004E-01,                  NaN
    6.5820312500E-01,   -7.3746709034E-01,   -4.1689180595E-01,    7.7943986004E-01,                  NaN
    6.6015625000E-01,   -7.3394422958E-01,   -4.1760835158E-01,    7.7943986004E-01,                  NaN
    6.6210937500E-01,   -7.3048365453E-01,   -4.1834318044E-01,    7.7943986004E-01,                  NaN
    6.6406250000E-01,   -7.2709141980E-01,   -4.1909918548E-01,    7.7943986004E-01,                  NaN
    6.6601562500E-01,   -7.2377358706E-01,   -4.1987933710E-01,    7.7943986004E-01,                  NaN
    6.6796875000E-01,   -7.2053628519E-01,   -4.2068671391E-01,    7.7943986004E-01,                  NaN
    6.6992187500E-01,   -7.1738576557E-01,   -4.2152452998E-01,    7.7943986004E-01,                  NaN
    6.7187500000E-01,   -7.1432844771E-01,   -4.2239615636E-01,    7.7943986004E-01,                  NaN
    6.7382812500E-01,   -7.1137095130E-01,   -4.2330513489E-01,    7.7943986004E-01,                  NaN
    6.7578125000E-01,   -7.0852011046E-01,   -4.2425518257E-01,    7.7943986004E-01,                  NaN
    6.7773437500E-01,   -7.0578296703E-01,   -4.2525018514E-01,    7.7943986004E-01,                  NaN
    6.7968750000E-01,   -7.0316674005E-01,   -4.2629417906E-01,    7.7943986004E-01,                  NaN
    6.8164062500E-01,   -7.0067877000E-01,   -4.2739132141E-01,    7.7943986004E-01,                  NaN
    6.8359375000E-01,   -6.9832643738E-01,   -4.2854584783E-01,    7.7943986004E-01,                  NaN
    6.8554687500E-01,   -6.9611705674E-01,   -4.2976201922E-01,    7.7943986004E-01,                  NaN
    6.8750000000E-01,   -6.9405774869E-01,   -4.3104405845E-01,    7.7943986004E-01,                  NaN
    6.8945312500E-01,   -6.9215529391E-01,   -4.3239607874E-01,    7.7943986004E-01,                  NaN
    6.9140625000E-01,   -6.9041597458E-01,   -4.3382200584E-01,    7.7943986004E-01,                  NaN
    6.9335937500E-01,   -6.8884540969E-01,   -4.3532549669E-01,    7.7943986004E-01,                  NaN
    6.9531250000E-01,   -6.8744839143E-01,   -4.3690985744E-01,    7.7943986004E-01,                  NaN
    6.9726562500E-01,   -6.8622873061E-01,   -4.3857796384E-01,    7.7943986004E-01,                  NaN
    6.9921875000E-01,   -6.8518911859E-01,   -4.4033218738E-01,    7.7943986004E-01,                  NaN
    7.0117187500E-01,   -6.8433101330E-01,   -4.4217433050E-01,    7.7943986004E-01,                  NaN
    7.0312500000E-01,   -6.8365455557E-01,   -4.4410557398E-01,    7.7943986004E-01,                  NaN
    7.0507812500E-01,   -6.8315852141E-01,   -4.4612643950E-01,    7.7943986004E-01,                  NaN
    7.0703125000E-01,   -6.8284031375E-01,   -4.4823676993E-01,    7.7943986004E-01,                  NaN
    7.0898437500E-01,   -6.8269599585E-01,   -4.5043572921E-01,    7.7943986004E-01,                  NaN
    7.1093750000E-01,   -6.8272036653E-01,   -4.5272182306E-01,    7.7943986004E-01,                  NaN
    7.1289062500E-01,   -6.8290707556E-01,   -4.5509294088E-01,    7.7943986004E-01,                  NaN
    7.1484375000E-01,   -6.8324877554E-01,   -4.5754641797E-01,    7.7943986004E-01,                  NaN
    7.1679687500E-01,   -6.8373730506E-01,   -4.6007911659E-01,    7.7943986004E-01,                  NaN
    7.1875000000E-01,   -6.8436389641E-01,   -4.6268752298E-01,    7.7943986004E-01,                  NaN
    7.2070312500E-01,   -6.8511939999E-01,   -4.6536785667E-01,    7.7943986004E-01,                  NaN
    7.2265625000E-01,   -6.8599451681E-01,   -4.6811618794E-01,    7.7943986004E-01,                  NaN
    7.2460937500E-01,   -6.8698003013E-01,   -4.7092855826E-01,    7.7943986004E-01,                  NaN
    7.2656250000E-01,   -6.8806702747E-01,   -4.7380109879E-01,    7.7943986004E-01,                  NaN
    7.2851562500E-01,   -6.8924710453E-01,   -4.7673014185E-01,    7.7943986004E-01,                  NaN
    7.3046875000E-01,   -6.9051254379E-01,   -4.7971232067E-01,    7.7943986004E-01,                  NaN
    7.3242187500E-01,   -6.9185646139E-01,   -4.8274465345E-01,    7.7943986004E-01,                  NaN
    7.3437500000E-01,   -6.9327291791E-01,   -4.8582460846E-01,    7.7943986004E-01,                  NaN
    7.3632812500E-01,   -6.9475698983E-01,   -4.8895014825E-01,    7.7943986004E-01,                  NaN
    7.3828125000E-01,   -6.9630480052E-01,   -4.9211975170E-01,    7.7943986004E-01,                  NaN
    7.4023437500E-01,   -6.9791351132E-01,   -4.9533241413E-01,    7.7943986004E-01,                  NaN
    7.4218750000E-01,   -6.9958127469E-01,   -4.9858762652E-01,    7.7943986004E-01,                  NaN
    7.4414062500E-01,   -7.0130715307E-01,   -5.0188533568E-01,    7.7943986004E-01,                  NaN
    7.4609375000E-01,   -7.0309100792E-01,   -5.0522588816E-01,    7.7943986004E-01,                  NaN
    7.4804687500E-01,   -7.0493336457E-01,   -5.0860996084E-01,    7.7943986004E-01,                  NaN
    7.5000000000E-01,   -7.0683525889E-01,   -5.1203848163E-01,    7.7943986004E-01,                  NaN
    7.5195312500E-01,   -7.0879807194E-01,   -5.1551254376E-01,    7.7943986004E-01,                  NaN
    7.5390625000E-01,   -7.1082335884E-01,   -5.1903331689E-01,    7.7943986004E-01,                  NaN
    7.5585937500E-01,   -7.1291267796E-01,   -5.2260195817E-01,    7.7943986004E-01,                  NaN
    7.5781250000E-01,   -7.1506742584E-01,   -5.2621952617E-01,    7.7943986004E-01,                  NaN
    7.5976562500E-01,   -7.1728868302E-01,   -5.2988690016E-01,    7.7943986004E-01,                  NaN
    7.6171875000E-01,   -7.1957707525E-01,   -5.3360470691E-01,    7.7943986004E-01,                  NaN
    7.6367187500E-01,   -7.2193265395E-01,   -5.3737325683E-01,    7.7943986004E-01,                  NaN
    7.6562500000E-01,   -7.2435479906E-01,   -5.4119249115E-01,    7.7943986004E-01,                  NaN
    7.6757812500E-01,   -7.2684214685E-01,   -5.4506194118E-01,    7.7943986004E-01,                  NaN
    7.6953125000E-01,   -7.2939254426E-01,   -5.4898070059E-01,    7.7943986004E-01,                  NaN
    7.7148437500E-01,   -7.3200303059E-01,   -5.5294741125E-01,    7.7943986004E-01,                  NaN
    7.7343750000E-01,   -7.3466984617E-01,   -5.5696026242E-01,    7.7943986004E-01,                  NaN
    7.7539062500E-01,   -7.3738846678E-01,   -5.6101700302E-01,    7.7943986004E-01,                  NaN
    7.7734375000E-01,   -7.4015366121E-01,   -5.6511496572E-01,    7.7943986004E-01,                  NaN
    7.7929687500E-01,   -7.4295956833E-01,   -5.6925110133E-01,    7.7943986004E-01,                  NaN
    7.8125000000E-01,   -7.4579978895E-01,   -5.7342202117E-01,    7.7943986004E-01,                  NaN
    7.8320312500E-01,   -7.4866748701E-01,   -5.7762404504E-01,    7.7943986004E-01,                  NaN
    7.8515625000E-01,   -7.5155549425E-01,   -5.8185325159E-01,    7.7943986004E-01,                  NaN
    7.8710937500E-01,   -7.5445641211E-01,   -5.8610552854E-01,    7.7943986004E-01,                  NaN
    7.8906250000E-01,   -7.5736270557E-01,   -5.9037661946E-01,    7.7943986004E-01,                  NaN
    7.9101562500E-01,   -7.6026678392E-01,   -5.9466216523E-01,    7.7943986004E-01,                  NaN
    7.9296875000E-01,   -7.6316106526E-01,   -5.9895773786E-01,    7.7943986004E-01,                  NaN
    7.9492187500E-01,   -7.6603802272E-01,   -6.0325886608E-01,    7.7943986004E-01,                  NaN
    7.9687500000E-01,   -7.6889021238E-01,   -6.0756105218E-01,    7.7943986004E-01,                  NaN
    7.9882812500E-01,   -7.7171028455E-01,   -6.1185978094E-01,    7.7943986004E-01,                  NaN
    8.0078125000E-01,   -7.7449098145E-01,   -6.1615052202E-01,    7.7943986004E-01,                  NaN
    8.0273437500E-01,   -7.7722512568E-01,   -6.2042872782E-01,    7.7943986004E-01,                  NaN
    8.0468750000E-01,   -7.7990560431E-01,   -6.2468982901E-01,    7.7943986004E-01,                  NaN
    8.0664062500E-01,   -7.8252535363E-01,   -6.2892923045E-01,    7.7943986004E-01,                  NaN
    8.0859375000E-01,   -7.8507734900E-01,   -6.3314230930E-01,    7.7943986004E-01,                  NaN
    8.1054687500E-01,   -7.8755460327E-01,   -6.3732441740E-01,    7.7943986004E-01,                  NaN
    8.1250000000E-01,   -7.8995017574E-01,   -6.4147088881E-01,    7.7943986004E-01,                  NaN
    8.1445312500E-01,   -7.9225719220E-01,   -6.4557705292E-01,    7.7943986004E-01,                  NaN
    8.1640625000E-01,   -7.9446887475E-01,   -6.4963825263E-01,    7.7943986004E-01,                  NaN
    8.1835937500E-01,   -7.9657857880E-01,   -6.5364986655E-01,    7.7943986004E-01,                  NaN
    8.2031250000E-01,   -7.9857983372E-01,   -6.5760733338E-01,    7.7943986004E-01,                  NaN
    8.2226562500E-01,   -8.0046638278E-01,   -6.6150617656E-01,    7.7943986004E-01,                  NaN
    8.2421875000E-01,   -8.0223221826E-01,   -6.6534202697E-01,    7.7943986004E-01,                  NaN
    8.2617187500E-01,   -8.0387160813E-01,   -6.6911064185E-01,    7.7943986004E-01,                  NaN
    8.2812500000E-01,   -8.0537911169E-01,   -6.7280791834E-01,    7.7943986004E-01,                  NaN
    8.3007812500E-01,   -8.0674958304E-01,   -6.7642990083E-01,    7.7943986004E-01,                  NaN
    8.3203125000E-01,   -8.0797816268E-01,   -6.7997278188E-01,    7.7943986004E-01,                  NaN
    8.3398437500E-01,   -8.0906025931E-01,   -6.8343289741E-01,    7.7943986004E-01,                  NaN
    8.3593750000E-01,   -8.0999152509E-01,   -6.8680671756E-01,    7.7943986004E-01,                  NaN
    8.3789062500E-01,   -8.1076782859E-01,   -6.9009083522E-01,    7.7943986004E-01,                  NaN
    8.3984375000E-01,   -8.1138523046E-01,   -6.9328195467E-01,    7.7943986004E-01,                  NaN
    8.4179687500E-01,   -8.1183996657E-01,   -6.9637688315E-01,    7.7943986004E-01,                  NaN
    8.4375000000E-01,   -8.1212844307E-01,   -6.9937252795E-01,    7.7943986004E-01,                  NaN
    8.4570312500E-01,   -8.1224724697E-01,   -7.0226590144E-01,    7.7943986004E-01,                  NaN
    8.4765625000E-01,   -8.1219317429E-01,   -7.0505413585E-01,    7.7943986004E-01,                  NaN
    8.4960937500E-01,   -8.1196327677E-01,   -7.0773450895E-01,    7.7943986004E-01,                  NaN
    8.5156250000E-01,   -8.1155492605E-01,   -7.1030448080E-01,    7.7943986004E-01,                  NaN
    8.5351562500E-01,   -8.1096589318E-01,   -7.1276174079E-01,    7.7943986004E-01,                  NaN
    8.5546875000E-01,   -8.1019443957E-01,   -7.1510426333E-01,    7.7943986004E-01,                  NaN
    8.5742187500E-01,   -8.0923941475E-01,   -7.1733036946E-01,    7.7943986004E-01,                  NaN
    8.5937500000E-01,   -8.0810035506E-01,   -7.1943879125E-01,    7.7943986004E-01,                  NaN
    8.6132812500E-01,   -8.0677757741E-01,   -7.2142873501E-01,    7.7943986004E-01,                  NaN
    8.6328125000E-01,   -8.0527226175E-01,   -7.2329993929E-01,    7.7943986004E-01,                  NaN
    8.6523437500E-01,   -8.0358651647E-01,   -7.2505272350E-01,    7.7943986004E-01,                  NaN
    8.6718750000E-01,   -8.0172342125E-01,   -7.2668802371E-01,    7.7943986004E-01,                  NaN
    8.6914062500E-01,   -7.9968704316E-01,   -7.2820741208E-01,    7.7943986004E-01,                  NaN
    8.7109375000E-01,   -7.9748242267E-01,   -7.2961309799E-01,    7.7943986004E-01,                  NaN
    8.7304687500E-01,   -7.9511552795E-01,   -7.3090790931E-01,    7.7943986004E-01,                  NaN
    8.7500000000E-01,   -7.9259317710E-01,   -7.3209525357E-01,    7.7943986004E-01,                  NaN
    8.7695312500E-01,   -7.8992292999E-01,   -7.3317905991E-01,    7.7943986004E-01,                  NaN
    8.7890625000E-01,   -7.8711295276E-01,   -7.3416370361E-01,    7.7943986004E-01,                  NaN
    8.8085937500E-01,   -7.8417185971E-01,   -7.3505391598E-01,    7.7943986004E-01,                  NaN
    8.8281250000E-01,   -7.8110853867E-01,   -7.3585468303E-01,    7.7943986004E-01,                  NaN
    8.8476562500E-01,   -7.7793196706E-01,   -7.3657113708E-01,    7.7943986004E-01,                  NaN
    8.8671875000E-01,   -7.7465102621E-01,   -7.3720844533E-01,    7.7943986004E-01,                  NaN
    8.8867187500E-01,   -7.7127432205E-01,   -7.3777170000E-01,    7.7943986004E-01,                  NaN
    8.9062500000E-01,   -7.6781001976E-01,   -7.3826581395E-01,    7.7943986004E-01,                  NaN
    8.9257812500E-01,   -7.6426569917E-01,   -7.3869542577E-01,    7.7943986004E-01,                  NaN
    8.9453125000E-01,   -7.6064823663E-01,   -7.3906481755E-01,    7.7943986004E-01,                  NaN
    8.9648437500E-01,   -7.5696371760E-01,   -7.3937784817E-01,    7.7943986004E-01,                  NaN
    8.9843750000E-01,   -7.5321738242E-01,   -7.3963790407E-01,    7.7943986004E-01,                  NaN
    9.0039062500E-01,   -7.4941360612E-01,   -7.3984786898E-01,    7.7943986004E-01,                  NaN
    9.0234375000E-01,   -7.4555591146E-01,   -7.4001011343E-01,    7.7943986004E-01,                  NaN
    9.0429687500E-01,   -7.4164701297E-01,   -7.4012650385E-01,    7.7943986004E-01,                  NaN
    9.0625000000E-01,   -7.3768888851E-01,   -7.4019843082E-01,    7.7943986004E-01,                  NaN
    9.0820312500E-01,   -7.3368287403E-01,   -7.4022685508E-01,    7.7943986004E-01,                  NaN
    9.1015625000E-01,   -7.2962977672E-01,   -7.4021236944E-01,    7.7943986004E-01,                  NaN
    9.1210937500E-01,   -7.2553000147E-01,   -7.4015527419E-01,    7.7943986004E-01,                  NaN
    9.1406250000E-01,   -7.2138368551E-01,   -7.4005566298E-01,    7.7943986004E-01,                  NaN
    9.1601562500E-01,   -7.1719083635E-01,   -7.3991351589E-01,    7.7943986004E-01,                  NaN
    9.1796875000E-01,   -7.1295146834E-01,   -7.3972879586E-01,    7.7943986004E-01,                  NaN
    9.1992187500E-01,   -7.0866573361E-01,   -7.3950154474E-01,    7.7943986004E-01,                  NaN
    9.2187500000E-01,   -7.0433404337E-01,   -7.3923197493E-01,    7.7943986004E-01,                  NaN
    9.2382812500E-01,   -6.9995717626E-01,   -7.3892055303E-01,    7.7943986004E-01,                  NaN
    9.2578125000E-01,   -6.9553637034E-01,   -7.3856807183E-01,    7.7943986004E-01,                  NaN
    9.2773437500E-01,   -6.9107339636E-01,   -7.3817570804E-01,    7.7943986004E-01,                  NaN
    9.2968750000E-01,   -6.8657060992E-01,   -7.3774506327E-01,    7.7943986004E-01,                  NaN
    9.3164062500E-01,   -6.8203098120E-01,   -7.3727818684E-01,    7.7943986004E-01,                  NaN
    9.3359375000E-01,   -6.7745810144E-01,   -7.3677758002E-01,    7.7943986004E-01,                  NaN
    9.3554687500E-01,   -6.7285616646E-01,   -7.3624618184E-01,    7.7943986004E-01,                  NaN
    9.3750000000E-01,   -6.6822993848E-01,   -7.3568733796E-01,    7.7943986004E-01,                  NaN
    9.3945312500E-01,   -6.6358468832E-01,   -7.3510475461E-01,    7.7943986004E-01,                  NaN
    9.4140625000E-01,   -6.5892612144E-01,   -7.3450244053E-01,    7.7943986004E-01,                  NaN
    9.4335937500E-01,   -6.5426029165E-01,   -7.3388464023E-01,    7.7943986004E-01,                  NaN
    9.4531250000E-01,   -6.4959350744E-01,   -7.3325576242E-01,    7.7943986004E-01,                  NaN
    9.4726562500E-01,   -6.4493223565E-01,   -7.3262030738E-01,    7.7943986004E-01,                  NaN
    9.4921875000E-01,   -6.4028300753E-01,   -7.3198279688E-01,    7.7943986004E-01,                  NaN
    9.5117187500E-01,   -6.3565233174E-01,   -7.3134771018E-01,    7.7943986004E-01,                  NaN
    9.5312500000E-01,   -6.3104661778E-01,   -7.3071942861E-01,    7.7943986004E-01,                  NaN
    9.5507812500E-01,   -6.2647211270E-01,   -7.3010219079E-01,    7.7943986004E-01,                  NaN
    9.5703125000E-01,   -6.2193485259E-01,   -7.2950005971E-01,    7.7943986004E-01,                  NaN
    9.5898437500E-01,   -6.1744062883E-01,   -7.2891690177E-01,    7.7943986004E-01,                  NaN
    9.6093750000E-01,   -6.1299496847E-01,   -7.2835637721E-01,    7.7943986004E-01,                  NaN
    9.6289062500E-01,   -6.0860312656E-01,   -7.2782194057E-01,    7.7943986004E-01,                  NaN
    9.6484375000E-01,   -6.0427008796E-01,   -7.2731684921E-01,    7.7943986004E-01,                  NaN
    9.6679687500E-01,   -6.0000057562E-01,   -7.2684417748E-01,    7.7943986004E-01,                  NaN
    9.6875000000E-01,   -5.9579906229E-01,   -7.2640683406E-01,    7.7943986004E-01,                  NaN
    9.7070312500E-01,   -5.9166978302E-01,   -7.2600758007E-01,    7.7943986004E-01,                  NaN
    9.7265625000E-01,   -5.8761674634E-01,   -7.2564904561E-01,    7.7943986004E-01,                  NaN
    9.7460937500E-01,   -5.8364374256E-01,   -7.2533374325E-01,    7.7943986004E-01,                  NaN
    9.7656250000E-01,   -5.7975434851E-01,   -7.2506407705E-01,    7.7943986004E-01,                  NaN
    9.7851562500E-01,   -5.7595192865E-01,   -7.2484234676E-01,    7.7943986004E-01,                  NaN
    9.8046875000E-01,   -5.7223963310E-01,   -7.2467074694E-01,    7.7943986004E-01,                  NaN
    9.8242187500E-01,   -5.6862039334E-01,   -7.2455136177E-01,    7.7943986004E-01,                  NaN
    9.8437500000E-01,   -5.6509691679E-01,   -7.2448615627E-01,    7.7943986004E-01,                  NaN
    9.8632812500E-01,   -5.6167168099E-01,   -7.2447696509E-01,    7.7943986004E-01,                  NaN
    9.8828125000E-01,   -5.5834692814E-01,   -7.2452548000E-01,    7.7943986004E-01,                  NaN
    9.9023437500E-01,   -5.5512466008E-01,   -7.2463323710E-01,    7.7943986004E-01,                  NaN
    9.9218750000E-01,   -5.5200663365E-01,   -7.2480160464E-01,    7.7943986004E-01,                  NaN
    9.9414062500E-01,   -5.4899435562E-01,   -7.2503177186E-01,    7.7943986004E-01,                  NaN
    9.9609375000E-01,   -5.4608907641E-01,   -7.2532473923E-01,    7.7943986004E-01,                  NaN
    9.9804687500E-01,   -5.4329178144E-01,   -7.2568130994E-01,    7.7943986004E-01,                  NaN
    1.0000000000E+00,   -5.4060317918E-01,   -7.2610208220E-01,    7.7943986004E-01,                  NaN
                 NaN,   -5.8807540797E-01,   -3.0540711788E-01,    7.7943986004E-01,                  NaN
