                Time,             Y-Force,      Work integrand,                Mass,           Mass error
    0.0000000000E+00,    1.3322676296E-15,    0.0000000000E+00,    7.8540027826E-01,                  NaN
    1.5625000000E-02,   -3.3115206325E-03,   -1.6817158324E-06,    7.8540027826E-01,                  NaN
    3.1250000000E-02,   -1.3108367044E-02,   -2.4414110851E-05,    7.8540027826E-01,                  NaN
    4.6875000000E-02,   -2.9574409437E-02,   -1.1819641262E-04,    7.8540027826E-01,                  NaN
    6.2500000000E-02,   -5.2898713337E-02,   -3.6411675376E-04,    7.8540027826E-01,                  NaN
    7.8125000000E-02,   -8.3148188743E-02,   -8.7169008522E-04,    7.8540027826E-01,                  NaN
    9.3750000000E-02,   -1.2027297670E-01,   -1.7757796537E-03,    7.8540027826E-01,                  NaN
    1.0937500000E-01,   -1.6404607022E-01,   -3.2308403983E-03,    7.8540027826E-01,                  NaN
    1.2500000000E-01,   -2.1398194194E-01,   -5.4017531260E-03,    7.8540027826E-01,                  NaN
    1.4062500000E-01,   -2.6917155862E-01,   -8.4483839762E-03,    7.8540027826E-01,                  NaN
    1.5625000000E-01,   -3.2797272977E-01,   -1.2498150447E-02,    7.8540027826E-01,                  NaN
    1.7187500000E-01,   -3.8764419185E-01,   -1.7602679172E-02,    7.8540027826E-01,                  NaN
    1.8750000000E-01,   -4.4432696145E-01,   -2.3691843398E-02,    7.8540027826E-01,                  NaN
    2.0312500000E-01,   -4.9386936890E-01,   -3.0565636541E-02,    7.8540027826E-01,                  NaN
    2.1875000000E-01,   -5.3336385548E-01,   -3.7960569781E-02,    7.8540027826E-01,                  NaN
    2.3437500000E-01,   -5.6226785532E-01,   -4.5660032263E-02,    7.8540027826E-01,                  NaN
    2.5000000000E-01,   -5.8195142348E-01,   -5.3547068684E-02,    7.8540027826E-01,                  NaN
    2.6562500000E-01,   -5.9400288677E-01,   -6.1539471857E-02,    7.8540027826E-01,                  NaN
    2.8125000000E-01,   -5.9902916338E-01,   -6.9489534086E-02,    7.8540027826E-01,                  NaN
    2.9687500000E-01,   -5.9710050926E-01,   -7.7190703277E-02,    7.8540027826E-01,                  NaN
    3.1250000000E-01,   -5.8908190288E-01,   -8.4510675406E-02,    7.8540027826E-01,                  NaN
    3.2812500000E-01,   -5.7732656767E-01,   -9.1527457166E-02,    7.8540027826E-01,                  NaN
    3.4375000000E-01,   -5.6527670948E-01,   -9.8568385570E-02,    7.8540027826E-01,                  NaN
    3.5937500000E-01,   -5.5663364563E-01,   -1.0616787046E-01,    7.8540027826E-01,                  NaN
    3.7500000000E-01,   -5.5462627099E-01,   -1.1498363778E-01,    7.8540027826E-01,                  NaN
    3.9062500000E-01,   -5.6134636489E-01,   -1.2566003646E-01,    7.8540027826E-01,                  NaN
    4.0625000000E-01,   -5.7722148901E-01,   -1.3865189237E-01,    7.8540027826E-01,                  NaN
    4.2187500000E-01,   -6.0107730637E-01,   -1.5411747261E-01,    7.8540027826E-01,                  NaN
    4.3750000000E-01,   -6.3098136715E-01,   -1.7198567323E-01,    7.8540027826E-01,                  NaN
    4.5312500000E-01,   -6.6528183588E-01,   -1.9214169190E-01,    7.8540027826E-01,                  NaN
    4.6875000000E-01,   -7.0293092019E-01,   -2.1452461175E-01,    7.8540027826E-01,                  NaN
    4.8437500000E-01,   -7.4280836276E-01,   -2.3898630971E-01,    7.8540027826E-01,                  NaN
    5.0000000000E-01,   -7.8274212268E-01,   -2.6500318913E-01,    7.8540027826E-01,                  NaN
    5.1562500000E-01,   -8.1925336705E-01,   -2.9151818838E-01,    7.8540027826E-01,                  NaN
    5.3125000000E-01,   -8.4839662818E-01,   -3.1711171731E-01,    7.8540027826E-01,                  NaN
    5.4687500000E-01,   -8.6710489240E-01,   -3.4042355893E-01,    7.8540027826E-01,                  NaN
    5.6250000000E-01,   -8.7411457168E-01,   -3.6055108904E-01,    7.8540027826E-01,                  NaN
    5.7812500000E-01,   -8.7001797725E-01,   -3.7720498662E-01,    7.8540027826E-01,                  NaN
    5.9375000000E-01,   -8.5664925023E-01,   -3.9060579902E-01,    7.8540027826E-01,                  NaN
    6.0937500000E-01,   -8.3628155075E-01,   -4.0124749259E-01,    7.8540027826E-01,                  NaN
    6.2500000000E-01,   -8.1103317688E-01,   -4.0968018286E-01,    7.8540027826E-01,                  NaN
    6.4062500000E-01,   -7.8273010711E-01,   -4.1643994919E-01,    7.8540027826E-01,                  NaN
    6.5625000000E-01,   -7.5326795451E-01,   -4.2218755092E-01,    7.8540027826E-01,                  NaN
    6.7187500000E-01,   -7.2515997125E-01,   -4.2796503723E-01,    7.8540027826E-01,                  NaN
    6.8750000000E-01,   -7.0167448712E-01,   -4.3531539314E-01,    7.8540027826E-01,                  NaN
    7.0312500000E-01,   -6.8616557279E-01,   -4.4603358743E-01,    7.8540027826E-01,                  NaN
    7.1875000000E-01,   -6.8087102936E-01,   -4.6159316189E-01,    7.8540027826E-01,                  NaN
    7.3437500000E-01,   -6.8599073225E-01,   -4.8259502246E-01,    7.8540027826E-01,                  NaN
    7.5000000000E-01,   -6.9970244503E-01,   -5.0860711009E-01,    7.8540027826E-01,                  NaN
    7.6562500000E-01,   -7.1904748433E-01,   -5.3846425099E-01,    7.8540027826E-01,                  NaN
    7.8125000000E-01,   -7.4100321945E-01,   -5.7075489427E-01,    7.8540027826E-01,                  NaN
    7.9687500000E-01,   -7.6305821226E-01,   -6.0413360402E-01,    7.8540027826E-01,                  NaN
    8.1250000000E-01,   -7.8310810834E-01,   -6.3729982942E-01,    7.8540027826E-01,                  NaN
    8.2812500000E-01,   -7.9901327759E-01,   -6.6877247805E-01,    7.8540027826E-01,                  NaN
    8.4375000000E-01,   -8.0834571534E-01,   -6.9675144750E-01,    7.8540027826E-01,                  NaN
    8.5937500000E-01,   -8.0866778002E-01,   -7.1930691535E-01,    7.8540027826E-01,                  NaN
    8.7500000000E-01,   -7.9828960395E-01,   -7.3491183459E-01,    7.8540027826E-01,                  NaN
    8.9062500000E-01,   -7.7707146015E-01,   -7.4305776956E-01,    7.8540027826E-01,                  NaN
    9.0625000000E-01,   -7.4671893413E-01,   -7.4455942567E-01,    7.8540027826E-01,                  NaN
    9.2187500000E-01,   -7.1030301665E-01,   -7.4130558480E-01,    7.8540027826E-01,                  NaN
    9.3750000000E-01,   -6.7126564128E-01,   -7.3558557472E-01,    7.8540027826E-01,                  NaN
    9.5312500000E-01,   -6.3252315307E-01,   -7.2941633548E-01,    7.8540027826E-01,                  NaN
    9.6875000000E-01,   -5.9614153076E-01,   -7.2424822398E-01,    7.8540027826E-01,                  NaN
    9.8437500000E-01,   -5.6355453088E-01,   -7.2107871444E-01,    7.8540027826E-01,                  NaN
    1.0000000000E+00,   -5.3588871214E-01,   -7.2067749335E-01,    7.8540027826E-01,                  NaN
                 NaN,   -5.9163943904E-01,   -3.0634023095E-01,    7.8540027826E-01,                  NaN
