                Time,             Y-Force,      Work integrand,                Mass,           Mass error
    0.0000000000E+00,    1.7650477403E-05,    0.0000000000E+00,    7.8542745888E-01,                  NaN
    1.9531250000E-03,   -6.6275822111E-05,   -7.3889433463E-10,    7.8542745888E-01,                  NaN
    3.9062500000E-03,   -2.1992376023E-04,   -8.8297254201E-09,    7.8542745888E-01,                  NaN
    5.8593750000E-03,   -4.8537595762E-04,   -3.9869412981E-08,    7.8542745888E-01,                  NaN
    7.8125000000E-03,   -8.4697556758E-04,   -1.1765852692E-07,    7.8542745888E-01,                  NaN
    9.7656250000E-03,   -1.3072817516E-03,   -2.7426476828E-07,    7.8542745888E-01,                  NaN
    1.1718750000E-02,   -1.8704818560E-03,   -5.5023817395E-07,    7.8542745888E-01,                  NaN
    1.3671875000E-02,   -2.5343275117E-03,   -9.9348573774E-07,    7.8542745888E-01,                  NaN
    1.5625000000E-02,   -3.2979678899E-03,   -1.6596608359E-06,    7.8542745888E-01,                  NaN
    1.7578125000E-02,   -4.1617911111E-03,   -2.6122566452E-06,    7.8542745888E-01,                  NaN
    1.9531250000E-02,   -5.1239370888E-03,   -3.9213248510E-06,    7.8542745888E-01,                  NaN
    2.1484375000E-02,   -6.1881183127E-03,   -5.6669332175E-06,    7.8542745888E-01,                  NaN
    2.3437500000E-02,   -7.3686501852E-03,   -7.9453558865E-06,    7.8542745888E-01,                  NaN
    2.5390625000E-02,   -8.6695570044E-03,   -1.0858710588E-05,    7.8542745888E-01,                  NaN
    2.7343750000E-02,   -1.0063536149E-02,   -1.4490563676E-05,    7.8542745888E-01,                  NaN
    2.9296875000E-02,   -1.1516594264E-02,   -1.8912139590E-05,    7.8542745888E-01,                  NaN
    3.1250000000E-02,   -1.3036930080E-02,   -2.4233897953E-05,    7.8542745888E-01,                  NaN
    3.3203125000E-02,   -1.4678090720E-02,   -3.0636544999E-05,    7.8542745888E-01,                  NaN
    3.5156250000E-02,   -1.6485040790E-02,   -3.8323367384E-05,    7.8542745888E-01,                  NaN
    3.7109375000E-02,   -1.8449297978E-02,   -4.7442297764E-05,    7.8542745888E-01,                  NaN
    3.9062500000E-02,   -2.0522976193E-02,   -5.8073205794E-05,    7.8542745888E-01,                  NaN
    4.1015625000E-02,   -2.2666656169E-02,   -7.0293474542E-05,    7.8542745888E-01,                  NaN
    4.2968750000E-02,   -2.4876841190E-02,   -8.4243790446E-05,    7.8542745888E-01,                  NaN
    4.4921875000E-02,   -2.7175446398E-02,   -1.0013080609E-04,    7.8542745888E-01,                  NaN
    4.6875000000E-02,   -2.9584710037E-02,   -1.1818206016E-04,    7.8542745888E-01,                  NaN
    4.8828125000E-02,   -3.2113383961E-02,   -1.3860692184E-04,    7.8542745888E-01,                  NaN
    5.0781250000E-02,   -3.4758697436E-02,   -1.6159083323E-04,    7.8542745888E-01,                  NaN
    5.2734375000E-02,   -3.7514260427E-02,   -1.8731123600E-04,    7.8542745888E-01,                  NaN
    5.4687500000E-02,   -4.0375430870E-02,   -2.1595371020E-04,    7.8542745888E-01,                  NaN
    5.6640625000E-02,   -4.3340638736E-02,   -2.4771943024E-04,    7.8542745888E-01,                  NaN
    5.8593750000E-02,   -4.6410697661E-02,   -2.8282626292E-04,    7.8542745888E-01,                  NaN
    6.0546875000E-02,   -4.9587736902E-02,   -3.2150707862E-04,    7.8542745888E-01,                  NaN
    6.2500000000E-02,   -5.2874196059E-02,   -3.6400622153E-04,    7.8542745888E-01,                  NaN
    6.4453125000E-02,   -5.6271951571E-02,   -4.1057449425E-04,    7.8542745888E-01,                  NaN
    6.6406250000E-02,   -5.9781748643E-02,   -4.6146418256E-04,    7.8542745888E-01,                  NaN
    6.8359375000E-02,   -6.3403100529E-02,   -5.1692610358E-04,    7.8542745888E-01,                  NaN
    7.0312500000E-02,   -6.7134628152E-02,   -5.7720970630E-04,    7.8542745888E-01,                  NaN
    7.2265625000E-02,   -7.0974635104E-02,   -6.4256578423E-04,    7.8542745888E-01,                  NaN
    7.4218750000E-02,   -7.4921652388E-02,   -7.1325029639E-04,    7.8542745888E-01,                  NaN
    7.6171875000E-02,   -7.8974753646E-02,   -7.8952757946E-04,    7.8542745888E-01,                  NaN
    7.8125000000E-02,   -8.3133593858E-02,   -8.7167189402E-04,    7.8542745888E-01,                  NaN
    8.0078125000E-02,   -8.7398265100E-02,   -9.5996726554E-04,    7.8542745888E-01,                  NaN
    8.2031250000E-02,   -9.1769095673E-02,   -1.0547061778E-03,    7.8542745888E-01,                  NaN
    8.3984375000E-02,   -9.6246453574E-02,   -1.1561876018E-03,    7.8542745888E-01,                  NaN
    8.5937500000E-02,   -1.0083055705E-01,   -1.2647146337E-03,    7.8542745888E-01,                  NaN
    8.7890625000E-02,   -1.0552131171E-01,   -1.3805922017E-03,    7.8542745888E-01,                  NaN
    8.9843750000E-02,   -1.1031823840E-01,   -1.5041256554E-03,    7.8542745888E-01,                  NaN
    9.1796875000E-02,   -1.1522054299E-01,   -1.6356209150E-03,    7.8542745888E-01,                  NaN
    9.3750000000E-02,   -1.2022730020E-01,   -1.7753860565E-03,    7.8542745888E-01,                  NaN
    9.5703125000E-02,   -1.2533765011E-01,   -1.9237333736E-03,    7.8542745888E-01,                  NaN
    9.7656250000E-02,   -1.3055090607E-01,   -2.0809807532E-03,    7.8542745888E-01,                  NaN
    9.9609375000E-02,   -1.3586653779E-01,   -2.2474517343E-03,    7.8542745888E-01,                  NaN
    1.0156250000E-01,   -1.4128406596E-01,   -2.4234743707E-03,    7.8542745888E-01,                  NaN
    1.0351562500E-01,   -1.4680293492E-01,   -2.6093794435E-03,    7.8542745888E-01,                  NaN
    1.0546875000E-01,   -1.5242241505E-01,   -2.8054985541E-03,    7.8542745888E-01,                  NaN
    1.0742187500E-01,   -1.5814155141E-01,   -3.0121623845E-03,    7.8542745888E-01,                  NaN
    1.0937500000E-01,   -1.6395915012E-01,   -3.2296992245E-03,    7.8542745888E-01,                  NaN
    1.1132812500E-01,   -1.6987378626E-01,   -3.4584338356E-03,    7.8542745888E-01,                  NaN
    1.1328125000E-01,   -1.7588382463E-01,   -3.6986867679E-03,    7.8542745888E-01,                  NaN
    1.1523437500E-01,   -1.8198745356E-01,   -3.9507742486E-03,    7.8542745888E-01,                  NaN
    1.1718750000E-01,   -1.8818273667E-01,   -4.2150086817E-03,    7.8542745888E-01,                  NaN
    1.1914062500E-01,   -1.9446768309E-01,   -4.4916996551E-03,    7.8542745888E-01,                  NaN
    1.2109375000E-01,   -2.0084032555E-01,   -4.7811551961E-03,    7.8542745888E-01,                  NaN
    1.2304687500E-01,   -2.0729878433E-01,   -5.0836828781E-03,    7.8542745888E-01,                  NaN
    1.2500000000E-01,   -2.1384129086E-01,   -5.3995903250E-03,    7.8542745888E-01,                  NaN
    1.2695312500E-01,   -2.2046615372E-01,   -5.7291847356E-03,    7.8542745888E-01,                  NaN
    1.2890625000E-01,   -2.2717166883E-01,   -6.0727712967E-03,    7.8542745888E-01,                  NaN
    1.3085937500E-01,   -2.3395599523E-01,   -6.4306506580E-03,    7.8542745888E-01,                  NaN
    1.3281250000E-01,   -2.4081702776E-01,   -6.8031158538E-03,    7.8542745888E-01,                  NaN
    1.3476562500E-01,   -2.4775229337E-01,   -7.1904490861E-03,    7.8542745888E-01,                  NaN
    1.3671875000E-01,   -2.5475888659E-01,   -7.5929186806E-03,    7.8542745888E-01,                  NaN
    1.3867187500E-01,   -2.6183344919E-01,   -8.0107764624E-03,    7.8542745888E-01,                  NaN
    1.4062500000E-01,   -2.6897219582E-01,   -8.4442558525E-03,    7.8542745888E-01,                  NaN
    1.4257812500E-01,   -2.7617098766E-01,   -8.8935711145E-03,    7.8542745888E-01,                  NaN
    1.4453125000E-01,   -2.8342545440E-01,   -9.3589182065E-03,    7.8542745888E-01,                  NaN
    1.4648437500E-01,   -2.9073115757E-01,   -9.8404774875E-03,    7.8542745888E-01,                  NaN
    1.4843750000E-01,   -2.9808377583E-01,   -1.0338418095E-02,    7.8542745888E-01,                  NaN
    1.5039062500E-01,   -3.0547928183E-01,   -1.0852903276E-02,    7.8542745888E-01,                  NaN
    1.5234375000E-01,   -3.1291407209E-01,   -1.1384095467E-02,    7.8542745888E-01,                  NaN
    1.5429687500E-01,   -3.2038501052E-01,   -1.1932159567E-02,    7.8542745888E-01,                  NaN
    1.5625000000E-01,   -3.2788934967E-01,   -1.2497262680E-02,    7.8542745888E-01,                  NaN
    1.5820312500E-01,   -3.3542450429E-01,   -1.3079568693E-02,    7.8542745888E-01,                  NaN
    1.6015625000E-01,   -3.4298766939E-01,   -1.3679226469E-02,    7.8542745888E-01,                  NaN
    1.6210937500E-01,   -3.5057530055E-01,   -1.4296351271E-02,    7.8542745888E-01,                  NaN
    1.6406250000E-01,   -3.5818250577E-01,   -1.4931000277E-02,    7.8542745888E-01,                  NaN
    1.6601562500E-01,   -3.6580243005E-01,   -1.5583144585E-02,    7.8542745888E-01,                  NaN
    1.6796875000E-01,   -3.7342573593E-01,   -1.6252641464E-02,    7.8542745888E-01,                  NaN
    1.6992187500E-01,   -3.8104028797E-01,   -1.6939211579E-02,    7.8542745888E-01,                  NaN
    1.7187500000E-01,   -3.8863113001E-01,   -1.7642425865E-02,    7.8542745888E-01,                  NaN
    1.7382812500E-01,   -3.9618080250E-01,   -1.8361705735E-02,    7.8542745888E-01,                  NaN
    1.7578125000E-01,   -4.0366999017E-01,   -1.9096338258E-02,    7.8542745888E-01,                  NaN
    1.7773437500E-01,   -4.1107843105E-01,   -1.9845505400E-02,    7.8542745888E-01,                  NaN
    1.7968750000E-01,   -4.1838596996E-01,   -2.0608323877E-02,    7.8542745888E-01,                  NaN
    1.8164062500E-01,   -4.2557361469E-01,   -2.1383890265E-02,    7.8542745888E-01,                  NaN
    1.8359375000E-01,   -4.3262445736E-01,   -2.2171325272E-02,    7.8542745888E-01,                  NaN
    1.8554687500E-01,   -4.3952435425E-01,   -2.2969811519E-02,    7.8542745888E-01,                  NaN
    1.8750000000E-01,   -4.4626230708E-01,   -2.3778620881E-02,    7.8542745888E-01,                  NaN
    1.8945312500E-01,   -4.5283054349E-01,   -2.4597129637E-02,    7.8542745888E-01,                  NaN
    1.9140625000E-01,   -4.5922434243E-01,   -2.5424822078E-02,    7.8542745888E-01,                  NaN
    1.9335937500E-01,   -4.6544168023E-01,   -2.6261284981E-02,    7.8542745888E-01,                  NaN
    1.9531250000E-01,   -4.7148278225E-01,   -2.7106196297E-02,    7.8542745888E-01,                  NaN
    1.9726562500E-01,   -4.7734965413E-01,   -2.7959311347E-02,    7.8542745888E-01,                  NaN
    1.9921875000E-01,   -4.8304564350E-01,   -2.8820448980E-02,    7.8542745888E-01,                  NaN
    2.0117187500E-01,   -4.8857505620E-01,   -2.9689478994E-02,    7.8542745888E-01,                  NaN
    2.0312500000E-01,   -4.9394282813E-01,   -3.0566310916E-02,    7.8542745888E-01,                  NaN
    2.0507812500E-01,   -4.9915424102E-01,   -3.1450883545E-02,    7.8542745888E-01,                  NaN
    2.0703125000E-01,   -5.0421466719E-01,   -3.2343154357E-02,    7.8542745888E-01,                  NaN
    2.0898437500E-01,   -5.0912933417E-01,   -3.3243088194E-02,    7.8542745888E-01,                  NaN
    2.1093750000E-01,   -5.1390310915E-01,   -3.4150645196E-02,    7.8542745888E-01,                  NaN
    2.1289062500E-01,   -5.1854031189E-01,   -3.5065768543E-02,    7.8542745888E-01,                  NaN
    2.1484375000E-01,   -5.2304456993E-01,   -3.5988373096E-02,    7.8542745888E-01,                  NaN
    2.1679687500E-01,   -5.2741872909E-01,   -3.6918336116E-02,    7.8542745888E-01,                  NaN
    2.1875000000E-01,   -5.3166482726E-01,   -3.7855491116E-02,    7.8542745888E-01,                  NaN
    2.2070312500E-01,   -5.3578413080E-01,   -3.8799625423E-02,    7.8542745888E-01,                  NaN
    2.2265625000E-01,   -5.3977722450E-01,   -3.9750481435E-02,    7.8542745888E-01,                  NaN
    2.2460937500E-01,   -5.4364413884E-01,   -4.0707761002E-02,    7.8542745888E-01,                  NaN
    2.2656250000E-01,   -5.4738449513E-01,   -4.1671131949E-02,    7.8542745888E-01,                  NaN
    2.2851562500E-01,   -5.5099764978E-01,   -4.2640235588E-02,    7.8542745888E-01,                  NaN
    2.3046875000E-01,   -5.5448282268E-01,   -4.3614694152E-02,    7.8542745888E-01,                  NaN
    2.3242187500E-01,   -5.5783920068E-01,   -4.4594117372E-02,    7.8542745888E-01,                  NaN
    2.3437500000E-01,   -5.6106601344E-01,   -4.5578107755E-02,    7.8542745888E-01,                  NaN
    2.3632812500E-01,   -5.6416258370E-01,   -4.6566264530E-02,    7.8542745888E-01,                  NaN
    2.3828125000E-01,   -5.6712835763E-01,   -4.7558186442E-02,    7.8542745888E-01,                  NaN
    2.4023437500E-01,   -5.6996292155E-01,   -4.8553473753E-02,    7.8542745888E-01,                  NaN
    2.4218750000E-01,   -5.7266601060E-01,   -4.9551729750E-02,    7.8542745888E-01,                  NaN
    2.4414062500E-01,   -5.7523751302E-01,   -5.0552561988E-02,    7.8542745888E-01,                  NaN
    2.4609375000E-01,   -5.7767747132E-01,   -5.1555583296E-02,    7.8542745888E-01,                  NaN
    2.4804687500E-01,   -5.7998607973E-01,   -5.2560412464E-02,    7.8542745888E-01,                  NaN
    2.5000000000E-01,   -5.8216367617E-01,   -5.3566674391E-02,    7.8542745888E-01,                  NaN
    2.5195312500E-01,   -5.8421072701E-01,   -5.4573999526E-02,    7.8542745888E-01,                  NaN
    2.5390625000E-01,   -5.8612780407E-01,   -5.5582022498E-02,    7.8542745888E-01,                  NaN
    2.5585937500E-01,   -5.8791555496E-01,   -5.6590380013E-02,    7.8542745888E-01,                  NaN
    2.5781250000E-01,   -5.8957467016E-01,   -5.7598708313E-02,    7.8542745888E-01,                  NaN
    2.5976562500E-01,   -5.9110585196E-01,   -5.8606640657E-02,    7.8542745888E-01,                  NaN
    2.6171875000E-01,   -5.9250979127E-01,   -5.9613805408E-02,    7.8542745888E-01,                  NaN
    2.6367187500E-01,   -5.9378715772E-01,   -6.0619825278E-02,    7.8542745888E-01,                  NaN
    2.6562500000E-01,   -5.9493860707E-01,   -6.1624318160E-02,    7.8542745888E-01,                  NaN
    2.6757812500E-01,   -5.9596480651E-01,   -6.2626899687E-02,    7.8542745888E-01,                  NaN
    2.6953125000E-01,   -5.9686647545E-01,   -6.3627187370E-02,    7.8542745888E-01,                  NaN
    2.7148437500E-01,   -5.9764443594E-01,   -6.4624805822E-02,    7.8542745888E-01,                  NaN
    2.7343750000E-01,   -5.9829966497E-01,   -6.5619392370E-02,    7.8542745888E-01,                  NaN
    2.7539062500E-01,   -5.9883333991E-01,   -6.6610602200E-02,    7.8542745888E-01,                  NaN
    2.7734375000E-01,   -5.9924686996E-01,   -6.7598112308E-02,    7.8542745888E-01,                  NaN
    2.7929687500E-01,   -5.9954190841E-01,   -6.8581623661E-02,    7.8542745888E-01,                  NaN
    2.8125000000E-01,   -5.9972034470E-01,   -6.9560861357E-02,    7.8542745888E-01,                  NaN
    2.8320312500E-01,   -5.9978427865E-01,   -7.0535572921E-02,    7.8542745888E-01,                  NaN
    2.8515625000E-01,   -5.9973598263E-01,   -7.1505525238E-02,    7.8542745888E-01,                  NaN
    2.8710937500E-01,   -5.9957785985E-01,   -7.2470500918E-02,    7.8542745888E-01,                  NaN
    2.8906250000E-01,   -5.9931240732E-01,   -7.3430295024E-02,    7.8542745888E-01,                  NaN
    2.9101562500E-01,   -5.9894219154E-01,   -7.4384713107E-02,    7.8542745888E-01,                  NaN
    2.9296875000E-01,   -5.9846984273E-01,   -7.5333571314E-02,    7.8542745888E-01,                  NaN
    2.9492187500E-01,   -5.9789806991E-01,   -7.6276699039E-02,    7.8542745888E-01,                  NaN
    2.9687500000E-01,   -5.9722969615E-01,   -7.7213944214E-02,    7.8542745888E-01,                  NaN
    2.9882812500E-01,   -5.9646770932E-01,   -7.8145180887E-02,    7.8542745888E-01,                  NaN
    3.0078125000E-01,   -5.9561532120E-01,   -7.9070318372E-02,    7.8542745888E-01,                  NaN
    3.0273437500E-01,   -5.9467602623E-01,   -7.9989310943E-02,    7.8542745888E-01,                  NaN
    3.0468750000E-01,   -5.9365365057E-01,   -8.0902166892E-02,    7.8542745888E-01,                  NaN
    3.0664062500E-01,   -5.9255238375E-01,   -8.1808955800E-02,    7.8542745888E-01,                  NaN
    3.0859375000E-01,   -5.9137678694E-01,   -8.2709813031E-02,    7.8542745888E-01,                  NaN
    3.1054687500E-01,   -5.9013177545E-01,   -8.3604940837E-02,    7.8542745888E-01,                  NaN
    3.1250000000E-01,   -5.8882257628E-01,   -8.4494605842E-02,    7.8542745888E-01,                  NaN
    3.1445312500E-01,   -5.8745466508E-01,   -8.5379133204E-02,    7.8542745888E-01,                  NaN
    3.1640625000E-01,   -5.8603368972E-01,   -8.6258898166E-02,    7.8542745888E-01,                  NaN
    3.1835937500E-01,   -5.8456538938E-01,   -8.7134316120E-02,    7.8542745888E-01,                  NaN
    3.2031250000E-01,   -5.8305551960E-01,   -8.8005832597E-02,    7.8542745888E-01,                  NaN
    3.2226562500E-01,   -5.8150979325E-01,   -8.8873914721E-02,    7.8542745888E-01,                  NaN
    3.2421875000E-01,   -5.7993384677E-01,   -8.9739045732E-02,    7.8542745888E-01,                  NaN
    3.2617187500E-01,   -5.7833323954E-01,   -9.0601724047E-02,    7.8542745888E-01,                  NaN
    3.2812500000E-01,   -5.7671349155E-01,   -9.1462468085E-02,    7.8542745888E-01,                  NaN
    3.3007812500E-01,   -5.7508016191E-01,   -9.2321827710E-02,    7.8542745888E-01,                  NaN
    3.3203125000E-01,   -5.7343896701E-01,   -9.3180402596E-02,    7.8542745888E-01,                  NaN
    3.3398437500E-01,   -5.7179593273E-01,   -9.4038867149E-02,    7.8542745888E-01,                  NaN
    3.3593750000E-01,   -5.7015757093E-01,   -9.4898000861E-02,    7.8542745888E-01,                  NaN
    3.3789062500E-01,   -5.6853106542E-01,   -9.5758722078E-02,    7.8542745888E-01,                  NaN
    3.3984375000E-01,   -5.6692444896E-01,   -9.6622122431E-02,    7.8542745888E-01,                  NaN
    3.4179687500E-01,   -5.6534674957E-01,   -9.7489498435E-02,    7.8542745888E-01,                  NaN
    3.4375000000E-01,   -5.6380808409E-01,   -9.8362376429E-02,    7.8542745888E-01,                  NaN
    3.4570312500E-01,   -5.6231967810E-01,   -9.9242526991E-02,    7.8542745888E-01,                  NaN
    3.4765625000E-01,   -5.6089379602E-01,   -1.0013196541E-01,    7.8542745888E-01,                  NaN
    3.4960937500E-01,   -5.5954357205E-01,   -1.0103293567E-01,    7.8542745888E-01,                  NaN
    3.5156250000E-01,   -5.5828274202E-01,   -1.0194787687E-01,    7.8542745888E-01,                  NaN
    3.5351562500E-01,   -5.5712528567E-01,   -1.0287937230E-01,    7.8542745888E-01,                  NaN
    3.5546875000E-01,   -5.5608499956E-01,   -1.0383008353E-01,    7.8542745888E-01,                  NaN
    3.5742187500E-01,   -5.5517502851E-01,   -1.0480267304E-01,    7.8542745888E-01,                  NaN
    3.5937500000E-01,   -5.5440738949E-01,   -1.0579972066E-01,    7.8542745888E-01,                  NaN
    3.6132812500E-01,   -5.5379252416E-01,   -1.0682363939E-01,    7.8542745888E-01,                  NaN
    3.6328125000E-01,   -5.5333891455E-01,   -1.0787659703E-01,    7.8542745888E-01,                  NaN
    3.6523437500E-01,   -5.5305279176E-01,   -1.0896044923E-01,    7.8542745888E-01,                  NaN
    3.6718750000E-01,   -5.5293795897E-01,   -1.1007668872E-01,    7.8542745888E-01,                  NaN
    3.6914062500E-01,   -5.5299574108E-01,   -1.1122641450E-01,    7.8542745888E-01,                  NaN
    3.7109375000E-01,   -5.5322506181E-01,   -1.1241032249E-01,    7.8542745888E-01,                  NaN
    3.7304687500E-01,   -5.5362263988E-01,   -1.1362871803E-01,    7.8542745888E-01,                  NaN
    3.7500000000E-01,   -5.5418328635E-01,   -1.1488154852E-01,    7.8542745888E-01,                  NaN
    3.7695312500E-01,   -5.5490027936E-01,   -1.1616845328E-01,    7.8542745888E-01,                  NaN
    3.7890625000E-01,   -5.5576578802E-01,   -1.1748882642E-01,    7.8542745888E-01,                  NaN
    3.8085937500E-01,   -5.5677131634E-01,   -1.1884188824E-01,    7.8542745888E-01,                  NaN
    3.8281250000E-01,   -5.5790813896E-01,   -1.2022675986E-01,    7.8542745888E-01,                  NaN
    3.8476562500E-01,   -5.5916770395E-01,   -1.2164253655E-01,    7.8542745888E-01,                  NaN
    3.8671875000E-01,   -5.6054198253E-01,   -1.2308835538E-01,    7.8542745888E-01,                  NaN
    3.8867187500E-01,   -5.6202375157E-01,   -1.2456345376E-01,    7.8542745888E-01,                  NaN
    3.9062500000E-01,   -5.6360680037E-01,   -1.2606721637E-01,    7.8542745888E-01,                  NaN
    3.9257812500E-01,   -5.6528605959E-01,   -1.2759920906E-01,    7.8542745888E-01,                  NaN
    3.9453125000E-01,   -5.6705765480E-01,   -1.2915919936E-01,    7.8542745888E-01,                  NaN
    3.9648437500E-01,   -5.6891889206E-01,   -1.3074716387E-01,    7.8542745888E-01,                  NaN
    3.9843750000E-01,   -5.7086818547E-01,   -1.3236328407E-01,    7.8542745888E-01,                  NaN
    4.0039062500E-01,   -5.7290493894E-01,   -1.3400793205E-01,    7.8542745888E-01,                  NaN
    4.0234375000E-01,   -5.7502939516E-01,   -1.3568164841E-01,    7.8542745888E-01,                  NaN
    4.0429687500E-01,   -5.7724246460E-01,   -1.3738511461E-01,    7.8542745888E-01,                  NaN
    4.0625000000E-01,   -5.7954554627E-01,   -1.3911912192E-01,    7.8542745888E-01,                  NaN
    4.0820312500E-01,   -5.8194035085E-01,   -1.4088453911E-01,    7.8542745888E-01,                  NaN
    4.1015625000E-01,   -5.8442873450E-01,   -1.4268228063E-01,    7.8542745888E-01,                  NaN
    4.1210937500E-01,   -5.8701255042E-01,   -1.4451327695E-01,    7.8542745888E-01,                  NaN
    4.1406250000E-01,   -5.8969352271E-01,   -1.4637844803E-01,    7.8542745888E-01,                  NaN
    4.1601562500E-01,   -5.9247314586E-01,   -1.4827868110E-01,    7.8542745888E-01,                  NaN
    4.1796875000E-01,   -5.9535261129E-01,   -1.5021481302E-01,    7.8542745888E-01,                  NaN
    4.1992187500E-01,   -5.9833276094E-01,   -1.5218761778E-01,    7.8542745888E-01,                  NaN
    4.2187500000E-01,   -6.0141406640E-01,   -1.5419779882E-01,    7.8542745888E-01,                  NaN
    4.2382812500E-01,   -6.0459663087E-01,   -1.5624598614E-01,    7.8542745888E-01,                  NaN
    4.2578125000E-01,   -6.0788020983E-01,   -1.5833273724E-01,    7.8542745888E-01,                  NaN
    4.2773437500E-01,   -6.1126424535E-01,   -1.6045854134E-01,    7.8542745888E-01,                  NaN
    4.2968750000E-01,   -6.1474790831E-01,   -1.6262382552E-01,    7.8542745888E-01,                  NaN
    4.3164062500E-01,   -6.1833014257E-01,   -1.6482896174E-01,    7.8542745888E-01,                  NaN
    4.3359375000E-01,   -6.2200970534E-01,   -1.6707427349E-01,    7.8542745888E-01,                  NaN
    4.3554687500E-01,   -6.2578519925E-01,   -1.6936004095E-01,    7.8542745888E-01,                  NaN
    4.3750000000E-01,   -6.2965509281E-01,   -1.7168650393E-01,    7.8542745888E-01,                  NaN
    4.3945312500E-01,   -6.3361772806E-01,   -1.7405386208E-01,    7.8542745888E-01,                  NaN
    4.4140625000E-01,   -6.3767131615E-01,   -1.7646227240E-01,    7.8542745888E-01,                  NaN
    4.4335937500E-01,   -6.4181392334E-01,   -1.7891184441E-01,    7.8542745888E-01,                  NaN
    4.4531250000E-01,   -6.4604345138E-01,   -1.8140263383E-01,    7.8542745888E-01,                  NaN
    4.4726562500E-01,   -6.5035761664E-01,   -1.8393463565E-01,    7.8542745888E-01,                  NaN
    4.4921875000E-01,   -6.5475393252E-01,   -1.8650777756E-01,    7.8542745888E-01,                  NaN
    4.5117187500E-01,   -6.5922969818E-01,   -1.8912191473E-01,    7.8542745888E-01,                  NaN
    4.5312500000E-01,   -6.6378199553E-01,   -1.9177682627E-01,    7.8542745888E-01,                  NaN
    4.5507812500E-01,   -6.6840769417E-01,   -1.9447221364E-01,    7.8542745888E-01,                  NaN
    4.5703125000E-01,   -6.7310346234E-01,   -1.9720770052E-01,    7.8542745888E-01,                  NaN
    4.5898437500E-01,   -6.7786578044E-01,   -1.9998283360E-01,    7.8542745888E-01,                  NaN
    4.6093750000E-01,   -6.8269095293E-01,   -2.0279708316E-01,    7.8542745888E-01,                  NaN
    4.6289062500E-01,   -6.8757511471E-01,   -2.0564984254E-01,    7.8542745888E-01,                  NaN
    4.6484375000E-01,   -6.9251422882E-01,   -2.0854042577E-01,    7.8542745888E-01,                  NaN
    4.6679687500E-01,   -6.9750407415E-01,   -2.1146806264E-01,    7.8542745888E-01,                  NaN
    4.6875000000E-01,   -7.0254022362E-01,   -2.1443189156E-01,    7.8542745888E-01,                  NaN
    4.7070312500E-01,   -7.0761801538E-01,   -2.1743095043E-01,    7.8542745888E-01,                  NaN
    4.7265625000E-01,   -7.1273252133E-01,   -2.2046416673E-01,    7.8542745888E-01,                  NaN
    4.7460937500E-01,   -7.1787851794E-01,   -2.2353034801E-01,    7.8542745888E-01,                  NaN
    4.7656250000E-01,   -7.2305046497E-01,   -2.2662817426E-01,    7.8542745888E-01,                  NaN
    4.7851562500E-01,   -7.2824249645E-01,   -2.2975619340E-01,    7.8542745888E-01,                  NaN
    4.8046875000E-01,   -7.3344842737E-01,   -2.3291282097E-01,    7.8542745888E-01,                  NaN
    4.8242187500E-01,   -7.3866177723E-01,   -2.3609634433E-01,    7.8542745888E-01,                  NaN
    4.8437500000E-01,   -7.4387580933E-01,   -2.3930493135E-01,    7.8542745888E-01,                  NaN
    4.8632812500E-01,   -7.4908358298E-01,   -2.4253664281E-01,    7.8542745888E-01,                  NaN
    4.8828125000E-01,   -7.5427801347E-01,   -2.4578944727E-01,    7.8542745888E-01,                  NaN
    4.9023437500E-01,   -7.5945193404E-01,   -2.4906123684E-01,    7.8542745888E-01,                  NaN
    4.9218750000E-01,   -7.6459815325E-01,   -2.5234984196E-01,    7.8542745888E-01,                  NaN
    4.9414062500E-01,   -7.6970950160E-01,   -2.5565304352E-01,    7.8542745888E-01,                  NaN
    4.9609375000E-01,   -7.7477886233E-01,   -2.5896858078E-01,    7.8542745888E-01,                  NaN
    4.9804687500E-01,   -7.7979918252E-01,   -2.6229415405E-01,    7.8542745888E-01,                  NaN
    5.0000000000E-01,   -7.8476346286E-01,   -2.6562742148E-01,    7.8542745888E-01,                  NaN
    5.0195312500E-01,   -7.8966472614E-01,   -2.6896598994E-01,    7.8542745888E-01,                  NaN
    5.0390625000E-01,   -7.9449596684E-01,   -2.7230740078E-01,    7.8542745888E-01,                  NaN
    5.0585937500E-01,   -7.9925008606E-01,   -2.7564911133E-01,    7.8542745888E-01,                  NaN
    5.0781250000E-01,   -8.0391981759E-01,   -2.7898847408E-01,    7.8542745888E-01,                  NaN
    5.0976562500E-01,   -8.0849765254E-01,   -2.8232271536E-01,    7.8542745888E-01,                  NaN
    5.1171875000E-01,   -8.1297577065E-01,   -2.8564891597E-01,    7.8542745888E-01,                  NaN
    5.1367187500E-01,   -8.1734598698E-01,   -2.8896399623E-01,    7.8542745888E-01,                  NaN
    5.1562500000E-01,   -8.2159972258E-01,   -2.9226470790E-01,    7.8542745888E-01,                  NaN
    5.1757812500E-01,   -8.2572800701E-01,   -2.9554763543E-01,    7.8542745888E-01,                  NaN
    5.1953125000E-01,   -8.2972151934E-01,   -2.9880920849E-01,    7.8542745888E-01,                  NaN
    5.2148437500E-01,   -8.3357067212E-01,   -3.0204572747E-01,    7.8542745888E-01,                  NaN
    5.2343750000E-01,   -8.3726574038E-01,   -3.0525340272E-01,    7.8542745888E-01,                  NaN
    5.2539062500E-01,   -8.4079703457E-01,   -3.0842840762E-01,    7.8542745888E-01,                  NaN
    5.2734375000E-01,   -8.4415511290E-01,   -3.1156694452E-01,    7.8542745888E-01,                  NaN
    5.2929687500E-01,   -8.4733102525E-01,   -3.1466532160E-01,    7.8542745888E-01,                  NaN
    5.3125000000E-01,   -8.5031657733E-01,   -3.1772003751E-01,    7.8542745888E-01,                  NaN
    5.3320312500E-01,   -8.5310460120E-01,   -3.2072786992E-01,    7.8542745888E-01,                  NaN
    5.3515625000E-01,   -8.5568921620E-01,   -3.2368596317E-01,    7.8542745888E-01,                  NaN
    5.3710937500E-01,   -8.5806606348E-01,   -3.2659190981E-01,    7.8542745888E-01,                  NaN
    5.3906250000E-01,   -8.6023249773E-01,   -3.2944382075E-01,    7.8542745888E-01,                  NaN
    5.4101562500E-01,   -8.6218772126E-01,   -3.3224037905E-01,    7.8542745888E-01,                  NaN
    5.4296875000E-01,   -8.6393284840E-01,   -3.3498087289E-01,    7.8542745888E-01,                  NaN
    5.4492187500E-01,   -8.6547089246E-01,   -3.3766520466E-01,    7.8542745888E-01,                  NaN
    5.4687500000E-01,   -8.6680667169E-01,   -3.4029387429E-01,    7.8542745888E-01,                  NaN
    5.4882812500E-01,   -8.6794663638E-01,   -3.4286793651E-01,    7.8542745888E-01,                  NaN
    5.5078125000E-01,   -8.6889862410E-01,   -3.4538893358E-01,    7.8542745888E-01,                  NaN
    5.5273437500E-01,   -8.6967155504E-01,   -3.4785880658E-01,    7.8542745888E-01,                  NaN
    5.5468750000E-01,   -8.7027508330E-01,   -3.5027978970E-01,    7.8542745888E-01,                  NaN
    5.5664062500E-01,   -8.7071922299E-01,   -3.5265429324E-01,    7.8542745888E-01,                  NaN
    5.5859375000E-01,   -8.7101396940E-01,   -3.5498478169E-01,    7.8542745888E-01,                  NaN
    5.6054687500E-01,   -8.7116893582E-01,   -3.5727365362E-01,    7.8542745888E-01,                  NaN
    5.6250000000E-01,   -8.7119302500E-01,   -3.5952312978E-01,    7.8542745888E-01,                  NaN
    5.6445312500E-01,   -8.7109415175E-01,   -3.6173515525E-01,    7.8542745888E-01,                  NaN
    5.6640625000E-01,   -8.7087902939E-01,   -3.6391132044E-01,    7.8542745888E-01,                  NaN
    5.6835937500E-01,   -8.7055302826E-01,   -3.6605280444E-01,    7.8542745888E-01,                  NaN
    5.7031250000E-01,   -8.7012010972E-01,   -3.6816034253E-01,    7.8542745888E-01,                  NaN
    5.7226562500E-01,   -8.6958283426E-01,   -3.7023421822E-01,    7.8542745888E-01,                  NaN
    5.7421875000E-01,   -8.6894243779E-01,   -3.7227427866E-01,    7.8542745888E-01,                  NaN
    5.7617187500E-01,   -8.6819896655E-01,   -3.7427997086E-01,    7.8542745888E-01,                  NaN
    5.7812500000E-01,   -8.6735145825E-01,   -3.7625039510E-01,    7.8542745888E-01,                  NaN
    5.8007812500E-01,   -8.6639815528E-01,   -3.7818437115E-01,    7.8542745888E-01,                  NaN
    5.8203125000E-01,   -8.6533673532E-01,   -3.8008051266E-01,    7.8542745888E-01,                  NaN
    5.8398437500E-01,   -8.6416454531E-01,   -3.8193730489E-01,    7.8542745888E-01,                  NaN
    5.8593750000E-01,   -8.6287882581E-01,   -3.8375318139E-01,    7.8542745888E-01,                  NaN
    5.8789062500E-01,   -8.6147691491E-01,   -3.8552659570E-01,    7.8542745888E-01,                  NaN
    5.8984375000E-01,   -8.5995642338E-01,   -3.8725608491E-01,    7.8542745888E-01,                  NaN
    5.9179687500E-01,   -8.5831537594E-01,   -3.8894032283E-01,    7.8542745888E-01,                  NaN
    5.9375000000E-01,   -8.5655231642E-01,   -3.9057816169E-01,    7.8542745888E-01,                  NaN
    5.9570312500E-01,   -8.5466637693E-01,   -3.9216866189E-01,    7.8542745888E-01,                  NaN
    5.9765625000E-01,   -8.5265731368E-01,   -3.9371111028E-01,    7.8542745888E-01,                  NaN
    5.9960937500E-01,   -8.5052551376E-01,   -3.9520502814E-01,    7.8542745888E-01,                  NaN
    6.0156250000E-01,   -8.4827197848E-01,   -3.9665017054E-01,    7.8542745888E-01,                  NaN
    6.0351562500E-01,   -8.4589828921E-01,   -3.9804651887E-01,    7.8542745888E-01,                  NaN
    6.0546875000E-01,   -8.4340656134E-01,   -3.9939426845E-01,    7.8542745888E-01,                  NaN
    6.0742187500E-01,   -8.4079939214E-01,   -4.0069381332E-01,    7.8542745888E-01,                  NaN
    6.0937500000E-01,   -8.3807980727E-01,   -4.0194572966E-01,    7.8542745888E-01,                  NaN
    6.1132812500E-01,   -8.3525120950E-01,   -4.0315075940E-01,    7.8542745888E-01,                  NaN
    6.1328125000E-01,   -8.3231733232E-01,   -4.0430979500E-01,    7.8542745888E-01,                  NaN
    6.1523437500E-01,   -8.2928219921E-01,   -4.0542386579E-01,    7.8542745888E-01,                  NaN
    6.1718750000E-01,   -8.2615008934E-01,   -4.0649412624E-01,    7.8542745888E-01,                  NaN
    6.1914062500E-01,   -8.2292550902E-01,   -4.0752184609E-01,    7.8542745888E-01,                  NaN
    6.2109375000E-01,   -8.1961316841E-01,   -4.0850840225E-01,    7.8542745888E-01,                  NaN
    6.2304687500E-01,   -8.1621796231E-01,   -4.0945527199E-01,    7.8542745888E-01,                  NaN
    6.2500000000E-01,   -8.1274495441E-01,   -4.1036402760E-01,    7.8542745888E-01,                  NaN
    6.2695312500E-01,   -8.0919936484E-01,   -4.1123633216E-01,    7.8542745888E-01,                  NaN
    6.2890625000E-01,   -8.0558656094E-01,   -4.1207393683E-01,    7.8542745888E-01,                  NaN
    6.3085937500E-01,   -8.0191205195E-01,   -4.1287867988E-01,    7.8542745888E-01,                  NaN
    6.3281250000E-01,   -7.9818148820E-01,   -4.1365248771E-01,    7.8542745888E-01,                  NaN
    6.3476562500E-01,   -7.9440066526E-01,   -4.1439737833E-01,    7.8542745888E-01,                  NaN
    6.3671875000E-01,   -7.9057553365E-01,   -4.1511546740E-01,    7.8542745888E-01,                  NaN
    6.3867187500E-01,   -7.8671221338E-01,   -4.1580897676E-01,    7.8542745888E-01,                  NaN
    6.4062500000E-01,   -7.8281701242E-01,   -4.1648024491E-01,    7.8542745888E-01,                  NaN
    6.4257812500E-01,   -7.7889644650E-01,   -4.1713173848E-01,    7.8542745888E-01,                  NaN
    6.4453125000E-01,   -7.7495725774E-01,   -4.1776606351E-01,    7.8542745888E-01,                  NaN
    6.4648437500E-01,   -7.7100642850E-01,   -4.1838597488E-01,    7.8542745888E-01,                  NaN
    6.4843750000E-01,   -7.6705118699E-01,   -4.1899438236E-01,    7.8542745888E-01,                  NaN
    6.5039062500E-01,   -7.6309900154E-01,   -4.1959435169E-01,    7.8542745888E-01,                  NaN
    6.5234375000E-01,   -7.5915756126E-01,   -4.2018909952E-01,    7.8542745888E-01,                  NaN
    6.5429687500E-01,   -7.5523474237E-01,   -4.2078198174E-01,    7.8542745888E-01,                  NaN
    6.5625000000E-01,   -7.5133856081E-01,   -4.2137647517E-01,    7.8542745888E-01,                  NaN
    6.5820312500E-01,   -7.4747711382E-01,   -4.2197615375E-01,    7.8542745888E-01,                  NaN
    6.6015625000E-01,   -7.4365851440E-01,   -4.2258466065E-01,    7.8542745888E-01,                  NaN
    6.6210937500E-01,   -7.3989082404E-01,   -4.2320567886E-01,    7.8542745888E-01,                  NaN
    6.6406250000E-01,   -7.3618198954E-01,   -4.2384290276E-01,    7.8542745888E-01,                  NaN
    6.6601562500E-01,   -7.3253978992E-01,   -4.2450001344E-01,    7.8542745888E-01,                  NaN
    6.6796875000E-01,   -7.2897179825E-01,   -4.2518066034E-01,    7.8542745888E-01,                  NaN
    6.6992187500E-01,   -7.2548536211E-01,   -4.2588845105E-01,    7.8542745888E-01,                  NaN
    6.7187500000E-01,   -7.2208760421E-01,   -4.2662695025E-01,    7.8542745888E-01,                  NaN
    6.7382812500E-01,   -7.1878544227E-01,   -4.2739968787E-01,    7.8542745888E-01,                  NaN
    6.7578125000E-01,   -7.1558562504E-01,   -4.2821017517E-01,    7.8542745888E-01,                  NaN
    6.7773437500E-01,   -7.1249477911E-01,   -4.2906192672E-01,    7.8542745888E-01,                  NaN
    6.7968750000E-01,   -7.0951945956E-01,   -4.2995848483E-01,    7.8542745888E-01,                  NaN
    6.8164062500E-01,   -7.0666619621E-01,   -4.3090344295E-01,    7.8542745888E-01,                  NaN
    6.8359375000E-01,   -7.0394152754E-01,   -4.3190046385E-01,    7.8542745888E-01,                  NaN
    6.8554687500E-01,   -7.0135201443E-01,   -4.3295328871E-01,    7.8542745888E-01,                  NaN
    6.8750000000E-01,   -6.9890422753E-01,   -4.3406573366E-01,    7.8542745888E-01,                  NaN
    6.8945312500E-01,   -6.9660470410E-01,   -4.3524167120E-01,    7.8542745888E-01,                  NaN
    6.9140625000E-01,   -6.9445987244E-01,   -4.3648499508E-01,    7.8542745888E-01,                  NaN
    6.9335937500E-01,   -6.9247594475E-01,   -4.3779956825E-01,    7.8542745888E-01,                  NaN
    6.9531250000E-01,   -6.9065878210E-01,   -4.3918915534E-01,    7.8542745888E-01,                  NaN
    6.9726562500E-01,   -6.8901373730E-01,   -4.4065734173E-01,    7.8542745888E-01,                  NaN
    6.9921875000E-01,   -6.8754548377E-01,   -4.4220744324E-01,    7.8542745888E-01,                  NaN
    7.0117187500E-01,   -6.8625783994E-01,   -4.4384241066E-01,    7.8542745888E-01,                  NaN
    7.0312500000E-01,   -6.8515359948E-01,   -4.4556473463E-01,    7.8542745888E-01,                  NaN
    7.0507812500E-01,   -6.8423437800E-01,   -4.4737635628E-01,    7.8542745888E-01,                  NaN
    7.0703125000E-01,   -6.8350048633E-01,   -4.4927858919E-01,    7.8542745888E-01,                  NaN
    7.0898437500E-01,   -6.8295083908E-01,   -4.5127205778E-01,    7.8542745888E-01,                  NaN
    7.1093750000E-01,   -6.8258290620E-01,   -4.5335665665E-01,    7.8542745888E-01,                  NaN
    7.1289062500E-01,   -6.8239271251E-01,   -4.5553153422E-01,    7.8542745888E-01,                  NaN
    7.1484375000E-01,   -6.8237488842E-01,   -4.5779510320E-01,    7.8542745888E-01,                  NaN
    7.1679687500E-01,   -6.8252277211E-01,   -4.6014507858E-01,    7.8542745888E-01,                  NaN
    7.1875000000E-01,   -6.8282856082E-01,   -4.6257854281E-01,    7.8542745888E-01,                  NaN
    7.2070312500E-01,   -6.8328350635E-01,   -4.6509203606E-01,    7.8542745888E-01,                  NaN
    7.2265625000E-01,   -6.8387814779E-01,   -4.6768166844E-01,    7.8542745888E-01,                  NaN
    7.2460937500E-01,   -6.8460257197E-01,   -4.7034324944E-01,    7.8542745888E-01,                  NaN
    7.2656250000E-01,   -6.8544669107E-01,   -4.7307242928E-01,    7.8542745888E-01,                  NaN
    7.2851562500E-01,   -6.8640052530E-01,   -4.7586484581E-01,    7.8542745888E-01,                  NaN
    7.3046875000E-01,   -6.8745447792E-01,   -4.7871627025E-01,    7.8542745888E-01,                  NaN
    7.3242187500E-01,   -6.8859958979E-01,   -4.8162274461E-01,    7.8542745888E-01,                  NaN
    7.3437500000E-01,   -6.8982776157E-01,   -4.8458070434E-01,    7.8542745888E-01,                  NaN
    7.3632812500E-01,   -6.9113193435E-01,   -4.8758708066E-01,    7.8542745888E-01,                  NaN
    7.3828125000E-01,   -6.9250622095E-01,   -4.9063937787E-01,    7.8542745888E-01,                  NaN
    7.4023437500E-01,   -6.9394598173E-01,   -4.9373572208E-01,    7.8542745888E-01,                  NaN
    7.4218750000E-01,   -6.9544784269E-01,   -4.9687487958E-01,    7.8542745888E-01,                  NaN
    7.4414062500E-01,   -6.9700965818E-01,   -5.0005624602E-01,    7.8542745888E-01,                  NaN
    7.4609375000E-01,   -6.9863042333E-01,   -5.0327980840E-01,    7.8542745888E-01,                  NaN
    7.4804687500E-01,   -7.0031014112E-01,   -5.0654608154E-01,    7.8542745888E-01,                  NaN
    7.5000000000E-01,   -7.0204964986E-01,   -5.0985602146E-01,    7.8542745888E-01,                  NaN
    7.5195312500E-01,   -7.0385042071E-01,   -5.1321092046E-01,    7.8542745888E-01,                  NaN
    7.5390625000E-01,   -7.0571433882E-01,   -5.1661229162E-01,    7.8542745888E-01,                  NaN
    7.5585937500E-01,   -7.0764348179E-01,   -5.2006175037E-01,    7.8542745888E-01,                  NaN
    7.5781250000E-01,   -7.0963990660E-01,   -5.2356089902E-01,    7.8542745888E-01,                  NaN
    7.5976562500E-01,   -7.1170545267E-01,   -5.2711121838E-01,    7.8542745888E-01,                  NaN
    7.6171875000E-01,   -7.1384156765E-01,   -5.3071396995E-01,    7.8542745888E-01,                  NaN
    7.6367187500E-01,   -7.1604916193E-01,   -5.3437011238E-01,    7.8542745888E-01,                  NaN
    7.6562500000E-01,   -7.1832849643E-01,   -5.3808023513E-01,    7.8542745888E-01,                  NaN
    7.6757812500E-01,   -7.2067910562E-01,   -5.4184451077E-01,    7.8542745888E-01,                  NaN
    7.6953125000E-01,   -7.2309975461E-01,   -5.4566266582E-01,    7.8542745888E-01,                  NaN
    7.7148437500E-01,   -7.2558842755E-01,   -5.4953396839E-01,    7.8542745888E-01,                  NaN
    7.7343750000E-01,   -7.2814234295E-01,   -5.5345723093E-01,    7.8542745888E-01,                  NaN
    7.7539062500E-01,   -7.3075799151E-01,   -5.5743082524E-01,    7.8542745888E-01,                  NaN
    7.7734375000E-01,   -7.3343119124E-01,   -5.6145270747E-01,    7.8542745888E-01,                  NaN
    7.7929687500E-01,   -7.3615715527E-01,   -5.6552045028E-01,    7.8542745888E-01,                  NaN
    7.8125000000E-01,   -7.3893056757E-01,   -5.6963127969E-01,    7.8542745888E-01,                  NaN
    7.8320312500E-01,   -7.4174566142E-01,   -5.7378211395E-01,    7.8542745888E-01,                  NaN
    7.8515625000E-01,   -7.4459629542E-01,   -5.7796960184E-01,    7.8542745888E-01,                  NaN
    7.8710937500E-01,   -7.4747602350E-01,   -5.8219015859E-01,    7.8542745888E-01,                  NaN
    7.8906250000E-01,   -7.5037815910E-01,   -5.8643999850E-01,    7.8542745888E-01,                  NaN
    7.9101562500E-01,   -7.5329583329E-01,   -5.9071516411E-01,    7.8542745888E-01,                  NaN
    7.9296875000E-01,   -7.5622204519E-01,   -5.9501155164E-01,    7.8542745888E-01,                  NaN
    7.9492187500E-01,   -7.5914970160E-01,   -5.9932493199E-01,    7.8542745888E-01,                  NaN
    7.9687500000E-01,   -7.6207164566E-01,   -6.0365096695E-01,    7.8542745888E-01,                  NaN
    7.9882812500E-01,   -7.6498067597E-01,   -6.0798522091E-01,    7.8542745888E-01,                  NaN
    8.0078125000E-01,   -7.6786955836E-01,   -6.1232316868E-01,    7.8542745888E-01,                  NaN
    8.0273437500E-01,   -7.7073103168E-01,   -6.1666020024E-01,    7.8542745888E-01,                  NaN
    8.0468750000E-01,   -7.7355780945E-01,   -6.2099162379E-01,    7.8542745888E-01,                  NaN
    8.0664062500E-01,   -7.7634257893E-01,   -6.2531266797E-01,    7.8542745888E-01,                  NaN
    8.0859375000E-01,   -7.7907799995E-01,   -6.2961848433E-01,    7.8542745888E-01,                  NaN
    8.1054687500E-01,   -7.8175670534E-01,   -6.3390415109E-01,    7.8542745888E-01,                  NaN
    8.1250000000E-01,   -7.8437130459E-01,   -6.3816467863E-01,    7.8542745888E-01,                  NaN
    8.1445312500E-01,   -7.8691439197E-01,   -6.4239501735E-01,    7.8542745888E-01,                  NaN
    8.1640625000E-01,   -7.8937855986E-01,   -6.4659006843E-01,    7.8542745888E-01,                  NaN
    8.1835937500E-01,   -7.9175641830E-01,   -6.5074469805E-01,    7.8542745888E-01,                  NaN
    8.2031250000E-01,   -7.9404062112E-01,   -6.5485375561E-01,    7.8542745888E-01,                  NaN
    8.2226562500E-01,   -7.9622389832E-01,   -6.5891209540E-01,    7.8542745888E-01,                  NaN
    8.2421875000E-01,   -7.9829909319E-01,   -6.6291460124E-01,    7.8542745888E-01,                  NaN
    8.2617187500E-01,   -8.0025920222E-01,   -6.6685621298E-01,    7.8542745888E-01,                  NaN
    8.2812500000E-01,   -8.0209741555E-01,   -6.7073195358E-01,    7.8542745888E-01,                  NaN
    8.3007812500E-01,   -8.0380715544E-01,   -6.7453695579E-01,    7.8542745888E-01,                  NaN
    8.3203125000E-01,   -8.0538211062E-01,   -6.7826648655E-01,    7.8542745888E-01,                  NaN
    8.3398437500E-01,   -8.0681626466E-01,   -6.8191596836E-01,    7.8542745888E-01,                  NaN
    8.3593750000E-01,   -8.0810391721E-01,   -6.8548099662E-01,    7.8542745888E-01,                  NaN
    8.3789062500E-01,   -8.0923969765E-01,   -6.8895735273E-01,    7.8542745888E-01,                  NaN
    8.3984375000E-01,   -8.1021857137E-01,   -6.9234101310E-01,    7.8542745888E-01,                  NaN
    8.4179687500E-01,   -8.1103583984E-01,   -6.9562815454E-01,    7.8542745888E-01,                  NaN
    8.4375000000E-01,   -8.1168713628E-01,   -6.9881515711E-01,    7.8542745888E-01,                  NaN
    8.4570312500E-01,   -8.1216841974E-01,   -7.0189860595E-01,    7.8542745888E-01,                  NaN
    8.4765625000E-01,   -8.1247597073E-01,   -7.0487529359E-01,    7.8542745888E-01,                  NaN
    8.4960937500E-01,   -8.1260639146E-01,   -7.0774222470E-01,    7.8542745888E-01,                  NaN
    8.5156250000E-01,   -8.1255661388E-01,   -7.1049662486E-01,    7.8542745888E-01,                  NaN
    8.5351562500E-01,   -8.1232391785E-01,   -7.1313595478E-01,    7.8542745888E-01,                  NaN
    8.5546875000E-01,   -8.1190596143E-01,   -7.1565793099E-01,    7.8542745888E-01,                  NaN
    8.5742187500E-01,   -8.1130082412E-01,   -7.1806055366E-01,    7.8542745888E-01,                  NaN
    8.5937500000E-01,   -8.1050706287E-01,   -7.2034214108E-01,    7.8542745888E-01,                  NaN
    8.6132812500E-01,   -8.0952377908E-01,   -7.2250137026E-01,    7.8542745888E-01,                  NaN
    8.6328125000E-01,   -8.0835069333E-01,   -7.2453732134E-01,    7.8542745888E-01,                  NaN
    8.6523437500E-01,   -8.0698822361E-01,   -7.2644952381E-01,    7.8542745888E-01,                  NaN
    8.6718750000E-01,   -8.0543756172E-01,   -7.2823800127E-01,    7.8542745888E-01,                  NaN
    8.6914062500E-01,   -8.0370074216E-01,   -7.2990331173E-01,    7.8542745888E-01,                  NaN
    8.7109375000E-01,   -8.0178069731E-01,   -7.3144657990E-01,    7.8542745888E-01,                  NaN
    8.7304687500E-01,   -7.9968129327E-01,   -7.3286951832E-01,    7.8542745888E-01,                  NaN
    8.7500000000E-01,   -7.9740734118E-01,   -7.3417443442E-01,    7.8542745888E-01,                  NaN
    8.7695312500E-01,   -7.9496457962E-01,   -7.3536422106E-01,    7.8542745888E-01,                  NaN
    8.7890625000E-01,   -7.9235962517E-01,   -7.3644232885E-01,    7.8542745888E-01,                  NaN
    8.8085937500E-01,   -7.8959989022E-01,   -7.3741271980E-01,    7.8542745888E-01,                  NaN
    8.8281250000E-01,   -7.8669346897E-01,   -7.3827980276E-01,    7.8542745888E-01,                  NaN
    8.8476562500E-01,   -7.8364899512E-01,   -7.3904835247E-01,    7.8542745888E-01,                  NaN
    8.8671875000E-01,   -7.8047547604E-01,   -7.3972341495E-01,    7.8542745888E-01,                  NaN
    8.8867187500E-01,   -7.7718210923E-01,   -7.4031020245E-01,    7.8542745888E-01,                  NaN
    8.9062500000E-01,   -7.7377808878E-01,   -7.4081398217E-01,    7.8542745888E-01,                  NaN
    8.9257812500E-01,   -7.7027241059E-01,   -7.4123996361E-01,    7.8542745888E-01,                  NaN
    8.9453125000E-01,   -7.6667368530E-01,   -7.4159318952E-01,    7.8542745888E-01,                  NaN
    8.9648437500E-01,   -7.6298996766E-01,   -7.4187843505E-01,    7.8542745888E-01,                  NaN
    8.9843750000E-01,   -7.5922860959E-01,   -7.4210011940E-01,    7.8542745888E-01,                  NaN
    9.0039062500E-01,   -7.5539614347E-01,   -7.4226223374E-01,    7.8542745888E-01,                  NaN
    9.0234375000E-01,   -7.5149820157E-01,   -7.4236828867E-01,    7.8542745888E-01,                  NaN
    9.0429687500E-01,   -7.4753947483E-01,   -7.4242128366E-01,    7.8542745888E-01,                  NaN
    9.0625000000E-01,   -7.4352371131E-01,   -7.4242369898E-01,    7.8542745888E-01,                  NaN
    9.0820312500E-01,   -7.3945375329E-01,   -7.4237750982E-01,    7.8542745888E-01,                  NaN
    9.1015625000E-01,   -7.3533161094E-01,   -7.4228422159E-01,    7.8542745888E-01,                  NaN
    9.1210937500E-01,   -7.3115856817E-01,   -7.4214492441E-01,    7.8542745888E-01,                  NaN
    9.1406250000E-01,   -7.2693531450E-01,   -7.4196036381E-01,    7.8542745888E-01,                  NaN
    9.1601562500E-01,   -7.2266209582E-01,   -7.4173102365E-01,    7.8542745888E-01,                  NaN
    9.1796875000E-01,   -7.1833887691E-01,   -7.4145721710E-01,    7.8542745888E-01,                  NaN
    9.1992187500E-01,   -7.1396550816E-01,   -7.4113918142E-01,    7.8542745888E-01,                  NaN
    9.2187500000E-01,   -7.0954188850E-01,   -7.4077717237E-01,    7.8542745888E-01,                  NaN
    9.2382812500E-01,   -7.0506811704E-01,   -7.4037155401E-01,    7.8542745888E-01,                  NaN
    9.2578125000E-01,   -7.0054462715E-01,   -7.3992287991E-01,    7.8542745888E-01,                  NaN
    9.2773437500E-01,   -6.9597229868E-01,   -7.3943196304E-01,    7.8542745888E-01,                  NaN
    9.2968750000E-01,   -6.9135254545E-01,   -7.3889993174E-01,    7.8542745888E-01,                  NaN
    9.3164062500E-01,   -6.8668737529E-01,   -7.3832827010E-01,    7.8542745888E-01,                  NaN
    9.3359375000E-01,   -6.8197942103E-01,   -7.3771884135E-01,    7.8542745888E-01,                  NaN
    9.3554687500E-01,   -6.7723194318E-01,   -7.3707389439E-01,    7.8542745888E-01,                  NaN
    9.3750000000E-01,   -6.7244880766E-01,   -7.3639605467E-01,    7.8542745888E-01,                  NaN
    9.3945312500E-01,   -6.6763444289E-01,   -7.3568830151E-01,    7.8542745888E-01,                  NaN
    9.4140625000E-01,   -6.6279378030E-01,   -7.3495393379E-01,    7.8542745888E-01,                  NaN
    9.4335937500E-01,   -6.5793218155E-01,   -7.3419652629E-01,    7.8542745888E-01,                  NaN
    9.4531250000E-01,   -6.5305535666E-01,   -7.3341987895E-01,    7.8542745888E-01,                  NaN
    9.4726562500E-01,   -6.4816927771E-01,   -7.3262796240E-01,    7.8542745888E-01,                  NaN
    9.4921875000E-01,   -6.4328009357E-01,   -7.3182486291E-01,    7.8542745888E-01,                  NaN
    9.5117187500E-01,   -6.3839404995E-01,   -7.3101472965E-01,    7.8542745888E-01,                  NaN
    9.5312500000E-01,   -6.3351741808E-01,   -7.3020172698E-01,    7.8542745888E-01,                  NaN
    9.5507812500E-01,   -6.2865643412E-01,   -7.2938999333E-01,    7.8542745888E-01,                  NaN
    9.5703125000E-01,   -6.2381725071E-01,   -7.2858360799E-01,    7.8542745888E-01,                  NaN
    9.5898437500E-01,   -6.1900590101E-01,   -7.2778656663E-01,    7.8542745888E-01,                  NaN
    9.6093750000E-01,   -6.1422827536E-01,   -7.2700276546E-01,    7.8542745888E-01,                  NaN
    9.6289062500E-01,   -6.0949010913E-01,   -7.2623599368E-01,    7.8542745888E-01,                  NaN
    9.6484375000E-01,   -6.0479697980E-01,   -7.2548993275E-01,    7.8542745888E-01,                  NaN
    9.6679687500E-01,   -6.0015431047E-01,   -7.2476816083E-01,    7.8542745888E-01,                  NaN
    9.6875000000E-01,   -5.9556737659E-01,   -7.2407415997E-01,    7.8542745888E-01,                  NaN
    9.7070312500E-01,   -5.9104131286E-01,   -7.2341132353E-01,    7.8542745888E-01,                  NaN
    9.7265625000E-01,   -5.8658111735E-01,   -7.2278296154E-01,    7.8542745888E-01,                  NaN
    9.7460937500E-01,   -5.8219165030E-01,   -7.2219230190E-01,    7.8542745888E-01,                  NaN
    9.7656250000E-01,   -5.7787762594E-01,   -7.2164248626E-01,    7.8542745888E-01,                  NaN
    9.7851562500E-01,   -5.7364359647E-01,   -7.2113655999E-01,    7.8542745888E-01,                  NaN
    9.8046875000E-01,   -5.6949392885E-01,   -7.2067745656E-01,    7.8542745888E-01,                  NaN
    9.8242187500E-01,   -5.6543277612E-01,   -7.2026797746E-01,    7.8542745888E-01,                  NaN
    9.8437500000E-01,   -5.6146404584E-01,   -7.1991076937E-01,    7.8542745888E-01,                  NaN
    9.8632812500E-01,   -5.5759136859E-01,   -7.1960830063E-01,    7.8542745888E-01,                  NaN
    9.8828125000E-01,   -5.5381806951E-01,   -7.1936283956E-01,    7.8542745888E-01,                  NaN
    9.9023437500E-01,   -5.5014714513E-01,   -7.1917643670E-01,    7.8542745888E-01,                  NaN
    9.9218750000E-01,   -5.4658124743E-01,   -7.1905091270E-01,    7.8542745888E-01,                  NaN
    9.9414062500E-01,   -5.4312267577E-01,   -7.1898785306E-01,    7.8542745888E-01,                  NaN
    9.9609375000E-01,   -5.3977337682E-01,   -7.1898860969E-01,    7.8542745888E-01,                  NaN
    9.9804687500E-01,   -5.3653495118E-01,   -7.1905430874E-01,    7.8542745888E-01,                  NaN
    1.0000000000E+00,   -5.3340866494E-01,   -7.1918586309E-01,    7.8542745888E-01,                  NaN
                 NaN,   -5.9161330735E-01,   -3.0632916588E-01,    7.8542745888E-01,                  NaN
