                Time,             Y-Force,      Work integrand,                Mass,           Mass error
    0.0000000000E+00,    5.1070259133E-15,    0.0000000000E+00,    7.8540027826E-01,                  NaN
    1.5625000000E-02,   -3.3152374013E-03,   -1.6910812288E-06,    7.8540027826E-01,                  NaN
    3.1250000000E-02,   -1.3109530672E-02,   -2.4431656839E-05,    7.8540027826E-01,                  NaN
    4.6875000000E-02,   -2.9573070527E-02,   -1.1818643049E-04,    7.8540027826E-01,                  NaN
    6.2500000000E-02,   -5.2897617843E-02,   -3.6410606517E-04,    7.8540027826E-01,                  NaN
    7.8125000000E-02,   -8.3147137090E-02,   -8.7167442780E-04,    7.8540027826E-01,                  NaN
    9.3750000000E-02,   -1.2027196204E-01,   -1.7757553159E-03,    7.8540027826E-01,                  NaN
    1.0937500000E-01,   -1.6404515083E-01,   -3.2308082235E-03,    7.8540027826E-01,                  NaN
    1.2500000000E-01,   -2.1398117872E-01,   -5.4017148287E-03,    7.8540027826E-01,                  NaN
    1.4062500000E-01,   -2.6917124386E-01,   -8.4483480455E-03,    7.8540027826E-01,                  NaN
    1.5625000000E-01,   -3.2797341656E-01,   -1.2498137520E-02,    7.8540027826E-01,                  NaN
    1.7187500000E-01,   -3.8764590044E-01,   -1.7602698703E-02,    7.8540027826E-01,                  NaN
    1.8750000000E-01,   -4.4432816159E-01,   -2.3691838236E-02,    7.8540027826E-01,                  NaN
    2.0312500000E-01,   -4.9386810886E-01,   -3.0565502004E-02,    7.8540027826E-01,                  NaN
    2.1875000000E-01,   -5.3336101699E-01,   -3.7960329843E-02,    7.8540027826E-01,                  NaN
    2.3437500000E-01,   -5.6226737211E-01,   -4.5659930439E-02,    7.8540027826E-01,                  NaN
    2.5000000000E-01,   -5.8195497029E-01,   -5.3547262423E-02,    7.8540027826E-01,                  NaN
    2.6562500000E-01,   -5.9400643672E-01,   -6.1539679935E-02,    7.8540027826E-01,                  NaN
    2.8125000000E-01,   -5.9902810120E-01,   -6.9489327123E-02,    7.8540027826E-01,                  NaN
    2.9687500000E-01,   -5.9709611808E-01,   -7.7190139266E-02,    7.8540027826E-01,                  NaN
    3.1250000000E-01,   -5.8907887623E-01,   -8.4510217415E-02,    7.8540027826E-01,                  NaN
    3.2812500000E-01,   -5.7732605396E-01,   -9.1527248584E-02,    7.8540027826E-01,                  NaN
    3.4375000000E-01,   -5.6527626386E-01,   -9.8568130971E-02,    7.8540027826E-01,                  NaN
    3.5937500000E-01,   -5.5663272446E-01,   -1.0616750797E-01,    7.8540027826E-01,                  NaN
    3.7500000000E-01,   -5.5462720856E-01,   -1.1498356130E-01,    7.8540027826E-01,                  NaN
    3.9062500000E-01,   -5.6134991946E-01,   -1.2566043329E-01,    7.8540027826E-01,                  NaN
    4.0625000000E-01,   -5.7722493098E-01,   -1.3865229634E-01,    7.8540027826E-01,                  NaN
    4.2187500000E-01,   -6.0107793486E-01,   -1.5411729714E-01,    7.8540027826E-01,                  NaN
    4.3750000000E-01,   -6.3098023152E-01,   -1.7198504774E-01,    7.8540027826E-01,                  NaN
    4.5312500000E-01,   -6.6528296629E-01,   -1.9214153318E-01,    7.8540027826E-01,                  NaN
    4.6875000000E-01,   -7.0293708673E-01,   -2.1452573926E-01,    7.8540027826E-01,                  NaN
    4.8437500000E-01,   -7.4281791121E-01,   -2.3898846647E-01,    7.8540027826E-01,                  NaN
    5.0000000000E-01,   -7.8275031805E-01,   -2.6500509479E-01,    7.8540027826E-01,                  NaN
    5.1562500000E-01,   -8.1925697512E-01,   -2.9151874448E-01,    7.8540027826E-01,                  NaN
    5.3125000000E-01,   -8.4839665429E-01,   -3.1711105152E-01,    7.8540027826E-01,                  NaN
    5.4687500000E-01,   -8.6710457492E-01,   -3.4042267361E-01,    7.8540027826E-01,                  NaN
    5.6250000000E-01,   -8.7411571311E-01,   -3.6055067838E-01,    7.8540027826E-01,                  NaN
    5.7812500000E-01,   -8.7002021515E-01,   -3.7720499503E-01,    7.8540027826E-01,                  NaN
    5.9375000000E-01,   -8.5665195429E-01,   -3.9060598363E-01,    7.8540027826E-01,                  NaN
    6.0937500000E-01,   -8.3628452540E-01,   -4.0124775001E-01,    7.8540027826E-01,                  NaN
    6.2500000000E-01,   -8.1103541104E-01,   -4.0968013241E-01,    7.8540027826E-01,                  NaN
    6.4062500000E-01,   -7.8272980516E-01,   -4.1643888624E-01,    7.8540027826E-01,                  NaN
    6.5625000000E-01,   -7.5326514325E-01,   -4.2218547816E-01,    7.8540027826E-01,                  NaN
    6.7187500000E-01,   -7.2515819806E-01,   -4.2796350486E-01,    7.8540027826E-01,                  NaN
    6.8750000000E-01,   -7.0167836459E-01,   -4.3531658185E-01,    7.8540027826E-01,                  NaN
    7.0312500000E-01,   -6.8617635609E-01,   -4.4603828505E-01,    7.8540027826E-01,                  NaN
    7.1875000000E-01,   -6.8088536288E-01,   -4.6159996492E-01,    7.8540027826E-01,                  NaN
    7.3437500000E-01,   -6.8600404771E-01,   -4.8260178866E-01,    7.8540027826E-01,                  NaN
    7.5000000000E-01,   -6.9971314938E-01,   -5.0861306520E-01,    7.8540027826E-01,                  NaN
    7.6562500000E-01,   -7.1905769283E-01,   -5.3847055295E-01,    7.8540027825E-01,                  NaN
    7.8125000000E-01,   -7.4101610512E-01,   -5.7076338919E-01,    7.8540027825E-01,                  NaN
    7.9687500000E-01,   -7.6307526622E-01,   -6.0414532433E-01,    7.8540027825E-01,                  NaN
    8.1250000000E-01,   -7.8312848077E-01,   -6.3731447891E-01,    7.8540027825E-01,                  NaN
    8.2812500000E-01,   -7.9903458669E-01,   -6.6878875334E-01,    7.8540027825E-01,                  NaN
    8.4375000000E-01,   -8.0836509667E-01,   -6.9676762625E-01,    7.8540027825E-01,                  NaN
    8.5937500000E-01,   -8.0868314422E-01,   -7.1932171631E-01,    7.8540027825E-01,                  NaN
    8.7500000000E-01,   -7.9830114387E-01,   -7.3492551876E-01,    7.8540027825E-01,                  NaN
    8.9062500000E-01,   -7.7708212296E-01,   -7.4307256911E-01,    7.8540027825E-01,                  NaN
    9.0625000000E-01,   -7.4673263076E-01,   -7.4457838259E-01,    7.8540027825E-01,                  NaN
    9.2187500000E-01,   -7.1032172392E-01,   -7.4133050360E-01,    7.8540027825E-01,                  NaN
    9.3750000000E-01,   -6.7128826306E-01,   -7.3561611822E-01,    7.8540027825E-01,                  NaN
    9.5312500000E-01,   -6.3254738341E-01,   -7.2945129389E-01,    7.8540027825E-01,                  NaN
    9.6875000000E-01,   -5.9616677822E-01,   -7.2428765296E-01,    7.8540027825E-01,                  NaN
    9.8437500000E-01,   -5.6358306376E-01,   -7.2112480039E-01,    7.8540027825E-01,                  NaN
    1.0000000000E+00,   -5.3592432405E-01,   -7.2073353961E-01,    7.8540027825E-01,                  NaN
                 NaN,   -5.9164534500E-01,   -3.0634590577E-01,    7.8540027825E-01,                  NaN
