                Time,             Y-Force,      Work integrand,                Mass,           Mass error
    0.0000000000E+00,   -2.2858426416E-05,    0.0000000000E+00,    7.7941282062E-01,                  NaN
    1.9531250000E-03,   -5.6322913358E-05,   -6.1976489164E-10,    7.7941282062E-01,                  NaN
    3.9062500000E-03,   -2.2257327699E-04,   -8.5485653180E-09,    7.7941282062E-01,                  NaN
    5.8593750000E-03,   -4.8193000936E-04,   -3.8921345120E-08,    7.7941282062E-01,                  NaN
    7.8125000000E-03,   -8.4284959404E-04,   -1.1589095992E-07,    7.7941282062E-01,                  NaN
    9.7656250000E-03,   -1.3035866546E-03,   -2.7140984827E-07,    7.7941282062E-01,                  NaN
    1.1718750000E-02,   -1.8641882945E-03,   -5.4532145804E-07,    7.7941282062E-01,                  NaN
    1.3671875000E-02,   -2.5253701490E-03,   -9.8546722006E-07,    7.7941282062E-01,                  NaN
    1.5625000000E-02,   -3.2880642580E-03,   -1.6476882873E-06,    7.7941282062E-01,                  NaN
    1.7578125000E-02,   -4.1525854387E-03,   -2.5954720869E-06,    7.7941282062E-01,                  NaN
    1.9531250000E-02,   -5.1171418466E-03,   -3.8987187715E-06,    7.7941282062E-01,                  NaN
    2.1484375000E-02,   -6.1806300973E-03,   -5.6346620021E-06,    7.7941282062E-01,                  NaN
    2.3437500000E-02,   -7.3507687934E-03,   -7.8956464529E-06,    7.7941282062E-01,                  NaN
    2.5390625000E-02,   -8.6436252641E-03,   -1.0794587676E-05,    7.7941282062E-01,                  NaN
    2.7343750000E-02,   -1.0062958820E-02,   -1.4445161558E-05,    7.7941282062E-01,                  NaN
    2.9296875000E-02,   -1.1580606282E-02,   -1.8923529787E-05,    7.7941282062E-01,                  NaN
    3.1250000000E-02,   -1.3152947953E-02,   -2.4268873596E-05,    7.7941282062E-01,                  NaN
    3.3203125000E-02,   -1.4766444712E-02,   -3.0555770550E-05,    7.7941282062E-01,                  NaN
    3.5156250000E-02,   -1.6461613279E-02,   -3.7972455233E-05,    7.7941282062E-01,                  NaN
    3.7109375000E-02,   -1.8305466391E-02,   -4.6805124711E-05,    7.7941282062E-01,                  NaN
    3.9062500000E-02,   -2.0339294987E-02,   -5.7325024749E-05,    7.7941282062E-01,                  NaN
    4.1015625000E-02,   -2.2548943185E-02,   -6.9680154357E-05,    7.7941282062E-01,                  NaN
    4.2968750000E-02,   -2.4875926721E-02,   -8.3882736343E-05,    7.7941282062E-01,                  NaN
    4.4921875000E-02,   -2.7253687198E-02,   -9.9892890409E-05,    7.7941282062E-01,                  NaN
    4.6875000000E-02,   -2.9643630831E-02,   -1.1773534982E-04,    7.7941282062E-01,                  NaN
    4.8828125000E-02,   -3.2054075194E-02,   -1.3758538516E-04,    7.7941282062E-01,                  NaN
    5.0781250000E-02,   -3.4536581401E-02,   -1.5978820127E-04,    7.7941282062E-01,                  NaN
    5.2734375000E-02,   -3.7162785040E-02,   -1.8480314076E-04,    7.7941282062E-01,                  NaN
    5.4687500000E-02,   -3.9991610984E-02,   -2.1308962711E-04,    7.7941282062E-01,                  NaN
    5.6640625000E-02,   -4.3041405500E-02,   -2.4497991399E-04,    7.7941282062E-01,                  NaN
    5.8593750000E-02,   -4.6280648574E-02,   -2.8060092661E-04,    7.7941282062E-01,                  NaN
    6.0546875000E-02,   -4.9642144088E-02,   -3.1989193316E-04,    7.7941282062E-01,                  NaN
    6.2500000000E-02,   -5.3052871278E-02,   -3.6271540893E-04,    7.7941282062E-01,                  NaN
    6.4453125000E-02,   -5.6463769984E-02,   -4.0900669351E-04,    7.7941282062E-01,                  NaN
    6.6406250000E-02,   -5.9865961138E-02,   -4.5889114147E-04,    7.7941282062E-01,                  NaN
    6.8359375000E-02,   -6.3289184385E-02,   -5.1272275167E-04,    7.7941282062E-01,                  NaN
    7.0312500000E-02,   -6.6787061033E-02,   -5.7104071596E-04,    7.7941282062E-01,                  NaN
    7.2265625000E-02,   -7.0417467702E-02,   -6.3447152414E-04,    7.7941282062E-01,                  NaN
    7.4218750000E-02,   -7.4225313135E-02,   -7.0361496282E-04,    7.7941282062E-01,                  NaN
    7.6171875000E-02,   -7.8232096419E-02,   -7.7894889443E-04,    7.7941282062E-01,                  NaN
    7.8125000000E-02,   -8.2433668236E-02,   -8.6077737049E-04,    7.7941282062E-01,                  NaN
    8.0078125000E-02,   -8.6805170349E-02,   -9.4923216836E-04,    7.7941282062E-01,                  NaN
    8.2031250000E-02,   -9.1310411657E-02,   -1.0443216498E-03,    7.7941282062E-01,                  NaN
    8.3984375000E-02,   -9.5912275516E-02,   -1.1460078243E-03,    7.7941282062E-01,                  NaN
    8.5937500000E-02,   -1.0058123472E-01,   -1.2542872574E-03,    7.7941282062E-01,                  NaN
    8.7890625000E-02,   -1.0530029518E-01,   -1.3692547295E-03,    7.7941282062E-01,                  NaN
    8.9843750000E-02,   -1.1006607565E-01,   -1.4911372634E-03,    7.7941282062E-01,                  NaN
    9.1796875000E-02,   -1.1488677496E-01,   -1.6202961207E-03,    7.7941282062E-01,                  NaN
    9.3750000000E-02,   -1.1977828961E-01,   -1.7572023996E-03,    7.7941282062E-01,                  NaN
    9.5703125000E-02,   -1.2475976583E-01,   -1.9023962918E-03,    7.7941282062E-01,                  NaN
    9.7656250000E-02,   -1.2984957152E-01,   -2.0564407306E-03,    7.7941282062E-01,                  NaN
    9.9609375000E-02,   -1.3506226095E-01,   -2.2198781965E-03,    7.7941282062E-01,                  NaN
    1.0156250000E-01,   -1.4040674653E-01,   -2.3931965327E-03,    7.7941282062E-01,                  NaN
    1.0351562500E-01,   -1.4588565653E-01,   -2.5768070750E-03,    7.7941282062E-01,                  NaN
    1.0546875000E-01,   -1.5149572782E-01,   -2.7710365396E-03,    7.7941282062E-01,                  NaN
    1.0742187500E-01,   -1.5722900827E-01,   -2.9761325995E-03,    7.7941282062E-01,                  NaN
    1.0937500000E-01,   -1.6307458942E-01,   -3.1922814941E-03,    7.7941282062E-01,                  NaN
    1.1132812500E-01,   -1.6902055277E-01,   -3.4196343085E-03,    7.7941282062E-01,                  NaN
    1.1328125000E-01,   -1.7505580234E-01,   -3.6583370604E-03,    7.7941282062E-01,                  NaN
    1.1523437500E-01,   -1.8117148810E-01,   -3.9085589359E-03,    7.7941282062E-01,                  NaN
    1.1718750000E-01,   -1.8736180910E-01,   -4.1705133735E-03,    7.7941282062E-01,                  NaN
    1.1914062500E-01,   -1.9362411946E-01,   -4.4444683363E-03,    7.7941282062E-01,                  NaN
    1.2109375000E-01,   -1.9995841525E-01,   -4.7307447136E-03,    7.7941282062E-01,                  NaN
    1.2304687500E-01,   -2.0636641036E-01,   -5.0297045720E-03,    7.7941282062E-01,                  NaN
    1.2500000000E-01,   -2.1285047307E-01,   -5.3417330817E-03,    7.7941282062E-01,                  NaN
    1.2695312500E-01,   -2.1941267878E-01,   -5.6672188317E-03,    7.7941282062E-01,                  NaN
    1.2890625000E-01,   -2.2605415695E-01,   -6.0065368884E-03,    7.7941282062E-01,                  NaN
    1.3085937500E-01,   -2.3277480605E-01,   -6.3600376630E-03,    7.7941282062E-01,                  NaN
    1.3281250000E-01,   -2.3957334828E-01,   -6.7280428250E-03,    7.7941282062E-01,                  NaN
    1.3476562500E-01,   -2.4644761442E-01,   -7.1108474594E-03,    7.7941282062E-01,                  NaN
    1.3671875000E-01,   -2.5339490183E-01,   -7.5087258293E-03,    7.7941282062E-01,                  NaN
    1.3867187500E-01,   -2.6041224785E-01,   -7.9219370563E-03,    7.7941282062E-01,                  NaN
    1.4062500000E-01,   -2.6749651420E-01,   -8.3507273566E-03,    7.7941282062E-01,                  NaN
    1.4257812500E-01,   -2.7464427029E-01,   -8.7953272595E-03,    7.7941282062E-01,                  NaN
    1.4453125000E-01,   -2.8185156023E-01,   -9.2559448602E-03,    7.7941282062E-01,                  NaN
    1.4648437500E-01,   -2.8911369634E-01,   -9.7327584022E-03,    7.7941282062E-01,                  NaN
    1.4843750000E-01,   -2.9642521463E-01,   -1.0225912244E-02,    7.7941282062E-01,                  NaN
    1.5039062500E-01,   -3.0378005992E-01,   -1.0735519137E-02,    7.7941282062E-01,                  NaN
    1.5234375000E-01,   -3.1117197200E-01,   -1.1261669255E-02,    7.7941282062E-01,                  NaN
    1.5429687500E-01,   -3.1859496103E-01,   -1.1804443598E-02,    7.7941282062E-01,                  NaN
    1.5625000000E-01,   -3.2604371850E-01,   -1.2363927369E-02,    7.7941282062E-01,                  NaN
    1.5820312500E-01,   -3.3351381984E-01,   -1.2940218266E-02,    7.7941282062E-01,                  NaN
    1.6015625000E-01,   -3.4100162486E-01,   -1.3533425398E-02,    7.7941282062E-01,                  NaN
    1.6210937500E-01,   -3.4850385353E-01,   -1.4143656453E-02,    7.7941282062E-01,                  NaN
    1.6406250000E-01,   -3.5601688778E-01,   -1.4770993204E-02,    7.7941282062E-01,                  NaN
    1.6601562500E-01,   -3.6353590956E-01,   -1.5415457941E-02,    7.7941282062E-01,                  NaN
    1.6796875000E-01,   -3.7105402324E-01,   -1.6076975550E-02,    7.7941282062E-01,                  NaN
    1.6992187500E-01,   -3.7856152340E-01,   -1.6755337320E-02,    7.7941282062E-01,                  NaN
    1.7187500000E-01,   -3.8604545483E-01,   -1.7450172916E-02,    7.7941282062E-01,                  NaN
    1.7382812500E-01,   -3.9348957274E-01,   -1.8160936219E-02,    7.7941282062E-01,                  NaN
    1.7578125000E-01,   -4.0087475143E-01,   -1.8886908919E-02,    7.7941282062E-01,                  NaN
    1.7773437500E-01,   -4.0817981854E-01,   -1.9627223149E-02,    7.7941282062E-01,                  NaN
    1.7968750000E-01,   -4.1538272320E-01,   -2.0380901633E-02,    7.7941282062E-01,                  NaN
    1.8164062500E-01,   -4.2246189322E-01,   -2.1146911164E-02,    7.7941282062E-01,                  NaN
    1.8359375000E-01,   -4.2939760899E-01,   -2.1924223352E-02,    7.7941282062E-01,                  NaN
    1.8554687500E-01,   -4.3617322039E-01,   -2.2711875427E-02,    7.7941282062E-01,                  NaN
    1.8750000000E-01,   -4.4277605593E-01,   -2.3509023643E-02,    7.7941282062E-01,                  NaN
    1.8945312500E-01,   -4.4919791254E-01,   -2.4314982415E-02,    7.7941282062E-01,                  NaN
    1.9140625000E-01,   -4.5543506948E-01,   -2.5129243818E-02,    7.7941282062E-01,                  NaN
    1.9335937500E-01,   -4.6148783690E-01,   -2.5951474862E-02,    7.7941282062E-01,                  NaN
    1.9531250000E-01,   -4.6735972650E-01,   -2.6781493746E-02,    7.7941282062E-01,                  NaN
    1.9726562500E-01,   -4.7305640362E-01,   -2.7619230674E-02,    7.7941282062E-01,                  NaN
    1.9921875000E-01,   -4.7858462606E-01,   -2.8464682471E-02,    7.7941282062E-01,                  NaN
    2.0117187500E-01,   -4.8395137157E-01,   -2.9317871596E-02,    7.7941282062E-01,                  NaN
    2.0312500000E-01,   -4.8916329223E-01,   -3.0178818250E-02,    7.7941282062E-01,                  NaN
    2.0507812500E-01,   -4.9422652142E-01,   -3.1047529108E-02,    7.7941282062E-01,                  NaN
    2.0703125000E-01,   -4.9914673456E-01,   -3.1923999452E-02,    7.7941282062E-01,                  NaN
    2.0898437500E-01,   -5.0392927626E-01,   -3.2808219656E-02,    7.7941282062E-01,                  NaN
    2.1093750000E-01,   -5.0857915416E-01,   -3.3700174854E-02,    7.7941282062E-01,                  NaN
    2.1289062500E-01,   -5.1310077597E-01,   -3.4599829464E-02,    7.7941282062E-01,                  NaN
    2.1484375000E-01,   -5.1749744552E-01,   -3.5507095470E-02,    7.7941282062E-01,                  NaN
    2.1679687500E-01,   -5.2177077989E-01,   -3.6421792318E-02,    7.7941282062E-01,                  NaN
    2.1875000000E-01,   -5.2592030173E-01,   -3.7343613141E-02,    7.7941282062E-01,                  NaN
    2.2070312500E-01,   -5.2994345157E-01,   -3.8272113703E-02,    7.7941282062E-01,                  NaN
    2.2265625000E-01,   -5.3383615053E-01,   -3.9206735419E-02,    7.7941282062E-01,                  NaN
    2.2460937500E-01,   -5.3759385892E-01,   -4.0146863393E-02,    7.7941282062E-01,                  NaN
    2.2656250000E-01,   -5.4121288831E-01,   -4.1091908029E-02,    7.7941282062E-01,                  NaN
    2.2851562500E-01,   -5.4469160328E-01,   -4.2041388827E-02,    7.7941282062E-01,                  NaN
    2.3046875000E-01,   -5.4803114369E-01,   -4.2994995379E-02,    7.7941282062E-01,                  NaN
    2.3242187500E-01,   -5.5123541548E-01,   -4.3952605026E-02,    7.7941282062E-01,                  NaN
    2.3437500000E-01,   -5.5431030396E-01,   -4.4914247967E-02,    7.7941282062E-01,                  NaN
    2.3632812500E-01,   -5.5726229157E-01,   -4.5880025679E-02,    7.7941282062E-01,                  NaN
    2.3828125000E-01,   -5.6009684013E-01,   -4.6850002277E-02,    7.7941282062E-01,                  NaN
    2.4023437500E-01,   -5.6281697087E-01,   -4.7824096909E-02,    7.7941282062E-01,                  NaN
    2.4218750000E-01,   -5.6542242254E-01,   -4.8802005691E-02,    7.7941282062E-01,                  NaN
    2.4414062500E-01,   -5.6790960917E-01,   -4.9783174046E-02,    7.7941282062E-01,                  NaN
    2.4609375000E-01,   -5.7027238323E-01,   -5.0766826991E-02,    7.7941282062E-01,                  NaN
    2.4804687500E-01,   -5.7250340223E-01,   -5.1752049915E-02,    7.7941282062E-01,                  NaN
    2.5000000000E-01,   -5.7459575267E-01,   -5.2737899860E-02,    7.7941282062E-01,                  NaN
    2.5195312500E-01,   -5.7654444066E-01,   -5.3723520596E-02,    7.7941282062E-01,                  NaN
    2.5390625000E-01,   -5.7834741550E-01,   -5.4708235284E-02,    7.7941282062E-01,                  NaN
    2.5585937500E-01,   -5.8000592876E-01,   -5.5691597480E-02,    7.7941282062E-01,                  NaN
    2.5781250000E-01,   -5.8152420159E-01,   -5.6673392405E-02,    7.7941282062E-01,                  NaN
    2.5976562500E-01,   -5.8290853259E-01,   -5.7653592382E-02,    7.7941282062E-01,                  NaN
    2.6171875000E-01,   -5.8416608779E-01,   -5.8632280148E-02,    7.7941282062E-01,                  NaN
    2.6367187500E-01,   -5.8530365394E-01,   -5.9609559166E-02,    7.7941282062E-01,                  NaN
    2.6562500000E-01,   -5.8632660749E-01,   -6.0585470428E-02,    7.7941282062E-01,                  NaN
    2.6757812500E-01,   -5.8723827191E-01,   -6.1559931226E-02,    7.7941282062E-01,                  NaN
    2.6953125000E-01,   -5.8803973243E-01,   -6.2532704693E-02,    7.7941282062E-01,                  NaN
    2.7148437500E-01,   -5.8873007845E-01,   -6.3503401574E-02,    7.7941282062E-01,                  NaN
    2.7343750000E-01,   -5.8930696924E-01,   -6.4471509416E-02,    7.7941282062E-01,                  NaN
    2.7539062500E-01,   -5.8976737954E-01,   -6.5436440353E-02,    7.7941282062E-01,                  NaN
    2.7734375000E-01,   -5.9010837733E-01,   -6.6397587062E-02,    7.7941282062E-01,                  NaN
    2.7929687500E-01,   -5.9032780860E-01,   -6.7354377150E-02,    7.7941282062E-01,                  NaN
    2.8125000000E-01,   -5.9042480254E-01,   -6.8306318268E-02,    7.7941282062E-01,                  NaN
    2.8320312500E-01,   -5.9040005332E-01,   -6.9253029051E-02,    7.7941282062E-01,                  NaN
    2.8515625000E-01,   -5.9025587444E-01,   -7.0194253775E-02,    7.7941282062E-01,                  NaN
    2.8710937500E-01,   -5.8999605216E-01,   -7.1129861094E-02,    7.7941282062E-01,                  NaN
    2.8906250000E-01,   -5.8962554599E-01,   -7.2059829106E-02,    7.7941282062E-01,                  NaN
    2.9101562500E-01,   -5.8915009526E-01,   -7.2984220363E-02,    7.7941282062E-01,                  NaN
    2.9296875000E-01,   -5.8857579373E-01,   -7.3903151228E-02,    7.7941282062E-01,                  NaN
    2.9492187500E-01,   -5.8790868993E-01,   -7.4816760243E-02,    7.7941282062E-01,                  NaN
    2.9687500000E-01,   -5.8715446071E-01,   -7.5725179901E-02,    7.7941282062E-01,                  NaN
    2.9882812500E-01,   -5.8631819102E-01,   -7.6628515459E-02,    7.7941282062E-01,                  NaN
    3.0078125000E-01,   -5.8540427548E-01,   -7.7526833195E-02,    7.7941282062E-01,                  NaN
    3.0273437500E-01,   -5.8441643980E-01,   -7.8420159094E-02,    7.7941282062E-01,                  NaN
    3.0468750000E-01,   -5.8335786461E-01,   -7.9308487434E-02,    7.7941282062E-01,                  NaN
    3.0664062500E-01,   -5.8223138286E-01,   -8.0191797480E-02,    7.7941282062E-01,                  NaN
    3.0859375000E-01,   -5.8103971679E-01,   -8.1070075687E-02,    7.7941282062E-01,                  NaN
    3.1054687500E-01,   -5.7978572066E-01,   -8.1943340438E-02,    7.7941282062E-01,                  NaN
    3.1250000000E-01,   -5.7847260055E-01,   -8.2811666524E-02,    7.7941282062E-01,                  NaN
    3.1445312500E-01,   -5.7710409056E-01,   -8.3675207023E-02,    7.7941282062E-01,                  NaN
    3.1640625000E-01,   -5.7568457330E-01,   -8.4534210815E-02,    7.7941282062E-01,                  NaN
    3.1835937500E-01,   -5.7421913993E-01,   -8.5389034582E-02,    7.7941282062E-01,                  NaN
    3.2031250000E-01,   -5.7271359063E-01,   -8.6240148558E-02,    7.7941282062E-01,                  NaN
    3.2226562500E-01,   -5.7117438030E-01,   -8.7088135756E-02,    7.7941282062E-01,                  NaN
    3.2421875000E-01,   -5.6960851741E-01,   -8.7933684788E-02,    7.7941282062E-01,                  NaN
    3.2617187500E-01,   -5.6802342727E-01,   -8.8777577031E-02,    7.7941282062E-01,                  NaN
    3.2812500000E-01,   -5.6642679528E-01,   -8.9620669690E-02,    7.7941282062E-01,                  NaN
    3.3007812500E-01,   -5.6482641038E-01,   -9.0463877284E-02,    7.7941282062E-01,                  NaN
    3.3203125000E-01,   -5.6323003321E-01,   -9.1308154978E-02,    7.7941282062E-01,                  NaN
    3.3398437500E-01,   -5.6164531460E-01,   -9.2154487763E-02,    7.7941282062E-01,                  NaN
    3.3593750000E-01,   -5.6007978725E-01,   -9.3003889361E-02,    7.7941282062E-01,                  NaN
    3.3789062500E-01,   -5.5854094467E-01,   -9.3857413774E-02,    7.7941282062E-01,                  NaN
    3.3984375000E-01,   -5.5703640741E-01,   -9.4716180458E-02,    7.7941282062E-01,                  NaN
    3.4179687500E-01,   -5.5557415916E-01,   -9.5581411526E-02,    7.7941282062E-01,                  NaN
    3.4375000000E-01,   -5.5416281742E-01,   -9.6454476502E-02,    7.7941282062E-01,                  NaN
    3.4570312500E-01,   -5.5281188941E-01,   -9.7336937600E-02,    7.7941282062E-01,                  NaN
    3.4765625000E-01,   -5.5153195732E-01,   -9.8230586918E-02,    7.7941282062E-01,                  NaN
    3.4960937500E-01,   -5.5033474021E-01,   -9.9137466692E-02,    7.7941282062E-01,                  NaN
    3.5156250000E-01,   -5.4923299337E-01,   -1.0005986518E-01,    7.7941282062E-01,                  NaN
    3.5351562500E-01,   -5.4824022790E-01,   -1.0100028355E-01,    7.7941282062E-01,                  NaN
    3.5546875000E-01,   -5.4737025984E-01,   -1.0196137310E-01,    7.7941282062E-01,                  NaN
    3.5742187500E-01,   -5.4663662437E-01,   -1.0294584615E-01,    7.7941282062E-01,                  NaN
    3.5937500000E-01,   -5.4605191204E-01,   -1.0395636801E-01,    7.7941282062E-01,                  NaN
    3.6132812500E-01,   -5.4562709636E-01,   -1.0499544015E-01,    7.7941282062E-01,                  NaN
    3.6328125000E-01,   -5.4537092451E-01,   -1.0606528581E-01,    7.7941282062E-01,                  NaN
    3.6523437500E-01,   -5.4528943506E-01,   -1.0716774972E-01,    7.7941282062E-01,                  NaN
    3.6718750000E-01,   -5.4538565046E-01,   -1.0830422135E-01,    7.7941282062E-01,                  NaN
    3.6914062500E-01,   -5.4565947236E-01,   -1.0947558905E-01,    7.7941282062E-01,                  NaN
    3.7109375000E-01,   -5.4610778565E-01,   -1.1068222892E-01,    7.7941282062E-01,                  NaN
    3.7304687500E-01,   -5.4672475829E-01,   -1.1192402921E-01,    7.7941282062E-01,                  NaN
    3.7500000000E-01,   -5.4750230765E-01,   -1.1320044769E-01,    7.7941282062E-01,                  NaN
    3.7695312500E-01,   -5.4843069341E-01,   -1.1451059702E-01,    7.7941282062E-01,                  NaN
    3.7890625000E-01,   -5.4949919009E-01,   -1.1585335082E-01,    7.7941282062E-01,                  NaN
    3.8085937500E-01,   -5.5069678882E-01,   -1.1722746198E-01,    7.7941282062E-01,                  NaN
    3.8281250000E-01,   -5.5201287779E-01,   -1.1863168354E-01,    7.7941282062E-01,                  NaN
    3.8476562500E-01,   -5.5343785222E-01,   -1.2006488241E-01,    7.7941282062E-01,                  NaN
    3.8671875000E-01,   -5.5496360889E-01,   -1.2152613674E-01,    7.7941282062E-01,                  NaN
    3.8867187500E-01,   -5.5658388744E-01,   -1.2301480871E-01,    7.7941282062E-01,                  NaN
    3.9062500000E-01,   -5.5829443147E-01,   -1.2453058675E-01,    7.7941282062E-01,                  NaN
    3.9257812500E-01,   -5.6009295756E-01,   -1.2607349410E-01,    7.7941282062E-01,                  NaN
    3.9453125000E-01,   -5.6197893925E-01,   -1.2764386382E-01,    7.7941282062E-01,                  NaN
    3.9648437500E-01,   -5.6395323446E-01,   -1.2924228463E-01,    7.7941282062E-01,                  NaN
    3.9843750000E-01,   -5.6601760531E-01,   -1.3086952549E-01,    7.7941282062E-01,                  NaN
    4.0039062500E-01,   -5.6817419590E-01,   -1.3252644975E-01,    7.7941282062E-01,                  NaN
    4.0234375000E-01,   -5.7042504201E-01,   -1.3421393181E-01,    7.7941282062E-01,                  NaN
    4.0429687500E-01,   -5.7277168370E-01,   -1.3593278839E-01,    7.7941282062E-01,                  NaN
    4.0625000000E-01,   -5.7521493663E-01,   -1.3768373470E-01,    7.7941282062E-01,                  NaN
    4.0820312500E-01,   -5.7775485143E-01,   -1.3946737139E-01,    7.7941282062E-01,                  NaN
    4.1015625000E-01,   -5.8039085704E-01,   -1.4128420234E-01,    7.7941282062E-01,                  NaN
    4.1210937500E-01,   -5.8312204890E-01,   -1.4313467774E-01,    7.7941282062E-01,                  NaN
    4.1406250000E-01,   -5.8594755440E-01,   -1.4501925136E-01,    7.7941282062E-01,                  NaN
    4.1601562500E-01,   -5.8886689148E-01,   -1.4693843804E-01,    7.7941282062E-01,                  NaN
    4.1796875000E-01,   -5.9188023644E-01,   -1.4889285673E-01,    7.7941282062E-01,                  NaN
    4.1992187500E-01,   -5.9498853464E-01,   -1.5088324734E-01,    7.7941282062E-01,                  NaN
    4.2187500000E-01,   -5.9819341969E-01,   -1.5291045457E-01,    7.7941282062E-01,                  NaN
    4.2382812500E-01,   -6.0149694687E-01,   -1.5497537927E-01,    7.7941282062E-01,                  NaN
    4.2578125000E-01,   -6.0490118601E-01,   -1.5707890487E-01,    7.7941282062E-01,                  NaN
    4.2773437500E-01,   -6.0840775024E-01,   -1.5922181205E-01,    7.7941282062E-01,                  NaN
    4.2968750000E-01,   -6.1201735199E-01,   -1.6140469852E-01,    7.7941282062E-01,                  NaN
    4.3164062500E-01,   -6.1572947439E-01,   -1.6362791995E-01,    7.7941282062E-01,                  NaN
    4.3359375000E-01,   -6.1954222441E-01,   -1.6589156492E-01,    7.7941282062E-01,                  NaN
    4.3554687500E-01,   -6.2345239884E-01,   -1.6819547007E-01,    7.7941282062E-01,                  NaN
    4.3750000000E-01,   -6.2745575324E-01,   -1.7053927412E-01,    7.7941282062E-01,                  NaN
    4.3945312500E-01,   -6.3154742517E-01,   -1.7292250163E-01,    7.7941282062E-01,                  NaN
    4.4140625000E-01,   -6.3572243458E-01,   -1.7534466178E-01,    7.7941282062E-01,                  NaN
    4.4335937500E-01,   -6.3997617144E-01,   -1.7780534440E-01,    7.7941282062E-01,                  NaN
    4.4531250000E-01,   -6.4430478514E-01,   -1.8030429603E-01,    7.7941282062E-01,                  NaN
    4.4726562500E-01,   -6.4870541039E-01,   -1.8284146234E-01,    7.7941282062E-01,                  NaN
    4.4921875000E-01,   -6.5317619563E-01,   -1.8541698945E-01,    7.7941282062E-01,                  NaN
    4.5117187500E-01,   -6.5771613536E-01,   -1.8803118367E-01,    7.7941282062E-01,                  NaN
    4.5312500000E-01,   -6.6232474150E-01,   -1.9068443628E-01,    7.7941282062E-01,                  NaN
    4.5507812500E-01,   -6.6700161323E-01,   -1.9337712540E-01,    7.7941282062E-01,                  NaN
    4.5703125000E-01,   -6.7174597871E-01,   -1.9610951019E-01,    7.7941282062E-01,                  NaN
    4.5898437500E-01,   -6.7655628105E-01,   -1.9888163299E-01,    7.7941282062E-01,                  NaN
    4.6093750000E-01,   -6.8142986944E-01,   -2.0169324323E-01,    7.7941282062E-01,                  NaN
    4.6289062500E-01,   -6.8636283503E-01,   -2.0454375239E-01,    7.7941282062E-01,                  NaN
    4.6484375000E-01,   -6.9135000591E-01,   -2.0743222462E-01,    7.7941282062E-01,                  NaN
    4.6679687500E-01,   -6.9638509027E-01,   -2.1035740173E-01,    7.7941282062E-01,                  NaN
    4.6875000000E-01,   -7.0146093586E-01,   -2.1331775666E-01,    7.7941282062E-01,                  NaN
    4.7070312500E-01,   -7.0656985955E-01,   -2.1631156616E-01,    7.7941282062E-01,                  NaN
    4.7265625000E-01,   -7.1170399553E-01,   -2.1933699135E-01,    7.7941282062E-01,                  NaN
    4.7460937500E-01,   -7.1685561290E-01,   -2.2239215490E-01,    7.7941282062E-01,                  NaN
    4.7656250000E-01,   -7.2201736301E-01,   -2.2547520525E-01,    7.7941282062E-01,                  NaN
    4.7851562500E-01,   -7.2718243086E-01,   -2.2858436058E-01,    7.7941282062E-01,                  NaN
    4.8046875000E-01,   -7.3234458101E-01,   -2.3171792887E-01,    7.7941282062E-01,                  NaN
    4.8242187500E-01,   -7.3749810373E-01,   -2.3487430391E-01,    7.7941282062E-01,                  NaN
    4.8437500000E-01,   -7.4263768016E-01,   -2.3805193986E-01,    7.7941282062E-01,                  NaN
    4.8632812500E-01,   -7.4775819388E-01,   -2.4124930990E-01,    7.7941282062E-01,                  NaN
    4.8828125000E-01,   -7.5285452024E-01,   -2.4446485559E-01,    7.7941282062E-01,                  NaN
    4.9023437500E-01,   -7.5792132446E-01,   -2.4769693434E-01,    7.7941282062E-01,                  NaN
    4.9218750000E-01,   -7.6295289420E-01,   -2.5094377176E-01,    7.7941282062E-01,                  NaN
    4.9414062500E-01,   -7.6794302534E-01,   -2.5420342438E-01,    7.7941282062E-01,                  NaN
    4.9609375000E-01,   -7.7288497001E-01,   -2.5747375643E-01,    7.7941282062E-01,                  NaN
    4.9804687500E-01,   -7.7777144687E-01,   -2.6075243223E-01,    7.7941282062E-01,                  NaN
    5.0000000000E-01,   -7.8259470545E-01,   -2.6403692350E-01,    7.7941282062E-01,                  NaN
    5.0195312500E-01,   -7.8734662996E-01,   -2.6732452930E-01,    7.7941282062E-01,                  NaN
    5.0390625000E-01,   -7.9201886459E-01,   -2.7061240467E-01,    7.7941282062E-01,                  NaN
    5.0585937500E-01,   -7.9660294147E-01,   -2.7389759336E-01,    7.7941282062E-01,                  NaN
    5.0781250000E-01,   -8.0109039410E-01,   -2.7717706009E-01,    7.7941282062E-01,                  NaN
    5.0976562500E-01,   -8.0547284325E-01,   -2.8044771815E-01,    7.7941282062E-01,                  NaN
    5.1171875000E-01,   -8.0974204723E-01,   -2.8370644919E-01,    7.7941282062E-01,                  NaN
    5.1367187500E-01,   -8.1388991501E-01,   -2.8695011376E-01,    7.7941282062E-01,                  NaN
    5.1562500000E-01,   -8.1790848658E-01,   -2.9017555262E-01,    7.7941282062E-01,                  NaN
    5.1757812500E-01,   -8.2178989043E-01,   -2.9337958087E-01,    7.7941282062E-01,                  NaN
    5.1953125000E-01,   -8.2552629275E-01,   -2.9655897829E-01,    7.7941282062E-01,                  NaN
    5.2148437500E-01,   -8.2910985554E-01,   -2.9971048074E-01,    7.7941282062E-01,                  NaN
    5.2343750000E-01,   -8.3253272176E-01,   -3.0283077815E-01,    7.7941282062E-01,                  NaN
    5.2539062500E-01,   -8.3578704431E-01,   -3.0591652449E-01,    7.7941282062E-01,                  NaN
    5.2734375000E-01,   -8.3886507226E-01,   -3.0896436467E-01,    7.7941282062E-01,                  NaN
    5.2929687500E-01,   -8.4175930190E-01,   -3.1197098166E-01,    7.7941282062E-01,                  NaN
    5.3125000000E-01,   -8.4446269288E-01,   -3.1493316484E-01,    7.7941282062E-01,                  NaN
    5.3320312500E-01,   -8.4696894154E-01,   -3.1784789825E-01,    7.7941282062E-01,                  NaN
    5.3515625000E-01,   -8.4927279431E-01,   -3.2071246405E-01,    7.7941282062E-01,                  NaN
    5.3710937500E-01,   -8.5137037677E-01,   -3.2352455407E-01,    7.7941282062E-01,                  NaN
    5.3906250000E-01,   -8.5325950756E-01,   -3.2628237981E-01,    7.7941282062E-01,                  NaN
    5.4101562500E-01,   -8.5493996324E-01,   -3.2898476988E-01,    7.7941282062E-01,                  NaN
    5.4296875000E-01,   -8.5641366078E-01,   -3.3163124353E-01,    7.7941282062E-01,                  NaN
    5.4492187500E-01,   -8.5768472867E-01,   -3.3422204997E-01,    7.7941282062E-01,                  NaN
    5.4687500000E-01,   -8.5875944601E-01,   -3.3675816545E-01,    7.7941282062E-01,                  NaN
    5.4882812500E-01,   -8.5964604031E-01,   -3.3924124366E-01,    7.7941282062E-01,                  NaN
    5.5078125000E-01,   -8.6035434859E-01,   -3.4167351930E-01,    7.7941282062E-01,                  NaN
    5.5273437500E-01,   -8.6089536023E-01,   -3.4405766947E-01,    7.7941282062E-01,                  NaN
    5.5468750000E-01,   -8.6128067362E-01,   -3.4639664207E-01,    7.7941282062E-01,                  NaN
    5.5664062500E-01,   -8.6152190854E-01,   -3.4869346425E-01,    7.7941282062E-01,                  NaN
    5.5859375000E-01,   -8.6163012275E-01,   -3.5095104660E-01,    7.7941282062E-01,                  NaN
    5.6054687500E-01,   -8.6161528203E-01,   -3.5317199970E-01,    7.7941282062E-01,                  NaN
    5.6250000000E-01,   -8.6148582854E-01,   -3.5535847886E-01,    7.7941282062E-01,                  NaN
    5.6445312500E-01,   -8.6124838259E-01,   -3.5751207018E-01,    7.7941282062E-01,                  NaN
    5.6640625000E-01,   -8.6090759908E-01,   -3.5963372699E-01,    7.7941282062E-01,                  NaN
    5.6835937500E-01,   -8.6046618373E-01,   -3.6172376034E-01,    7.7941282062E-01,                  NaN
    5.7031250000E-01,   -8.5992505693E-01,   -3.6378188156E-01,    7.7941282062E-01,                  NaN
    5.7226562500E-01,   -8.5928363846E-01,   -3.6580728934E-01,    7.7941282062E-01,                  NaN
    5.7421875000E-01,   -8.5854021400E-01,   -3.6779878919E-01,    7.7941282062E-01,                  NaN
    5.7617187500E-01,   -8.5769233824E-01,   -3.6975493016E-01,    7.7941282062E-01,                  NaN
    5.7812500000E-01,   -8.5673722853E-01,   -3.7167414241E-01,    7.7941282062E-01,                  NaN
    5.8007812500E-01,   -8.5567210839E-01,   -3.7355486032E-01,    7.7941282062E-01,                  NaN
    5.8203125000E-01,   -8.5449447045E-01,   -3.7539561891E-01,    7.7941282062E-01,                  NaN
    5.8398437500E-01,   -8.5320224278E-01,   -3.7719511585E-01,    7.7941282062E-01,                  NaN
    5.8593750000E-01,   -8.5179385785E-01,   -3.7895223694E-01,    7.7941282062E-01,                  NaN
    5.8789062500E-01,   -8.5026823801E-01,   -3.8066604871E-01,    7.7941282062E-01,                  NaN
    5.8984375000E-01,   -8.4862472340E-01,   -3.8233576695E-01,    7.7941282062E-01,                  NaN
    5.9179687500E-01,   -8.4686297479E-01,   -3.8396071325E-01,    7.7941282062E-01,                  NaN
    5.9375000000E-01,   -8.4498288491E-01,   -3.8554027338E-01,    7.7941282062E-01,                  NaN
    5.9570312500E-01,   -8.4298452705E-01,   -3.8707386997E-01,    7.7941282062E-01,                  NaN
    5.9765625000E-01,   -8.4086815978E-01,   -3.8856095924E-01,    7.7941282062E-01,                  NaN
    5.9960937500E-01,   -8.3863429346E-01,   -3.9000105610E-01,    7.7941282062E-01,                  NaN
    6.0156250000E-01,   -8.3628381000E-01,   -3.9139378629E-01,    7.7941282062E-01,                  NaN
    6.0351562500E-01,   -8.3381811526E-01,   -3.9273895818E-01,    7.7941282062E-01,                  NaN
    6.0546875000E-01,   -8.3123929423E-01,   -3.9403664247E-01,    7.7941282062E-01,                  NaN
    6.0742187500E-01,   -8.2855023674E-01,   -3.9528724510E-01,    7.7941282062E-01,                  NaN
    6.0937500000E-01,   -8.2575470401E-01,   -3.9649155868E-01,    7.7941282062E-01,                  NaN
    6.1132812500E-01,   -8.2285731555E-01,   -3.9765078079E-01,    7.7941282062E-01,                  NaN
    6.1328125000E-01,   -8.1986344864E-01,   -3.9876649197E-01,    7.7941282062E-01,                  NaN
    6.1523437500E-01,   -8.1677905779E-01,   -3.9984059323E-01,    7.7941282062E-01,                  NaN
    6.1718750000E-01,   -8.1361043579E-01,   -4.0087520958E-01,    7.7941282062E-01,                  NaN
    6.1914062500E-01,   -8.1036394857E-01,   -4.0187257220E-01,    7.7941282062E-01,                  NaN
    6.2109375000E-01,   -8.0704578230E-01,   -4.0283489616E-01,    7.7941282062E-01,                  NaN
    6.2304687500E-01,   -8.0366173981E-01,   -4.0376427178E-01,    7.7941282062E-01,                  NaN
    6.2500000000E-01,   -8.0021711717E-01,   -4.0466258646E-01,    7.7941282062E-01,                  NaN
    6.2695312500E-01,   -7.9671667869E-01,   -4.0553148929E-01,    7.7941282062E-01,                  NaN
    6.2890625000E-01,   -7.9316473408E-01,   -4.0637240428E-01,    7.7941282062E-01,                  NaN
    6.3085937500E-01,   -7.8956530566E-01,   -4.0718659101E-01,    7.7941282062E-01,                  NaN
    6.3281250000E-01,   -7.8592236042E-01,   -4.0797524372E-01,    7.7941282062E-01,                  NaN
    6.3476562500E-01,   -7.8224007198E-01,   -4.0873961486E-01,    7.7941282062E-01,                  NaN
    6.3671875000E-01,   -7.7852307441E-01,   -4.0948114490E-01,    7.7941282062E-01,                  NaN
    6.3867187500E-01,   -7.7477667155E-01,   -4.1020158021E-01,    7.7941282062E-01,                  NaN
    6.4062500000E-01,   -7.7100697334E-01,   -4.1090306254E-01,    7.7941282062E-01,                  NaN
    6.4257812500E-01,   -7.6722094224E-01,   -4.1158817850E-01,    7.7941282062E-01,                  NaN
    6.4453125000E-01,   -7.6342634584E-01,   -4.1225996341E-01,    7.7941282062E-01,                  NaN
    6.4648437500E-01,   -7.5963162532E-01,   -4.1292186057E-01,    7.7941282062E-01,                  NaN
    6.4843750000E-01,   -7.5584570006E-01,   -4.1357764317E-01,    7.7941282062E-01,                  NaN
    6.5039062500E-01,   -7.5207773605E-01,   -4.1423131067E-01,    7.7941282062E-01,                  NaN
    6.5234375000E-01,   -7.4833690819E-01,   -4.1488697407E-01,    7.7941282062E-01,                  NaN
    6.5429687500E-01,   -7.4463218520E-01,   -4.1554874506E-01,    7.7941282062E-01,                  NaN
    6.5625000000E-01,   -7.4097215972E-01,   -4.1622064185E-01,    7.7941282062E-01,                  NaN
    6.5820312500E-01,   -7.3736493849E-01,   -4.1690652136E-01,    7.7941282062E-01,                  NaN
    6.6015625000E-01,   -7.3381809772E-01,   -4.1761004279E-01,    7.7941282062E-01,                  NaN
    6.6210937500E-01,   -7.3033870022E-01,   -4.1833466292E-01,    7.7941282062E-01,                  NaN
    6.6406250000E-01,   -7.2693336317E-01,   -4.1908365935E-01,    7.7941282062E-01,                  NaN
    6.6601562500E-01,   -7.2360836068E-01,   -4.1986017471E-01,    7.7941282062E-01,                  NaN
    6.6796875000E-01,   -7.2036974294E-01,   -4.2066727306E-01,    7.7941282062E-01,                  NaN
    6.6992187500E-01,   -7.1722345450E-01,   -4.2150799953E-01,    7.7941282062E-01,                  NaN
    6.7187500000E-01,   -7.1417543674E-01,   -4.2238543483E-01,    7.7941282062E-01,                  NaN
    6.7382812500E-01,   -7.1123170365E-01,   -4.2330273851E-01,    7.7941282062E-01,                  NaN
    6.7578125000E-01,   -7.0839838496E-01,   -4.2426317694E-01,    7.7941282062E-01,                  NaN
    6.7773437500E-01,   -7.0568173500E-01,   -4.2527013439E-01,    7.7941282062E-01,                  NaN
    6.7968750000E-01,   -7.0308810968E-01,   -4.2632710802E-01,    7.7941282062E-01,                  NaN
    6.8164062500E-01,   -7.0062391644E-01,   -4.2743768869E-01,    7.7941282062E-01,                  NaN
    6.8359375000E-01,   -6.9829554369E-01,   -4.2860553069E-01,    7.7941282062E-01,                  NaN
    6.8554687500E-01,   -6.9610927604E-01,   -4.2983431368E-01,    7.7941282062E-01,                  NaN
    6.8750000000E-01,   -6.9407120136E-01,   -4.3112769945E-01,    7.7941282062E-01,                  NaN
    6.8945312500E-01,   -6.9218711385E-01,   -4.3248928569E-01,    7.7941282062E-01,                  NaN
    6.9140625000E-01,   -6.9046241607E-01,   -4.3392255777E-01,    7.7941282062E-01,                  NaN
    6.9335937500E-01,   -6.8890202090E-01,   -4.3543083885E-01,    7.7941282062E-01,                  NaN
    6.9531250000E-01,   -6.8751025359E-01,   -4.3701723776E-01,    7.7941282062E-01,                  NaN
    6.9726562500E-01,   -6.8629075312E-01,   -4.3868459410E-01,    7.7941282062E-01,                  NaN
    6.9921875000E-01,   -6.8524637217E-01,   -4.4043541978E-01,    7.7941282062E-01,                  NaN
    7.0117187500E-01,   -6.8437907589E-01,   -4.4227183711E-01,    7.7941282062E-01,                  NaN
    7.0312500000E-01,   -6.8368984079E-01,   -4.4419551429E-01,    7.7941282062E-01,                  NaN
    7.0507812500E-01,   -6.8317855716E-01,   -4.4620760035E-01,    7.7941282062E-01,                  NaN
    7.0703125000E-01,   -6.8284394044E-01,   -4.4830866292E-01,    7.7941282062E-01,                  NaN
    7.0898437500E-01,   -6.8268345903E-01,   -4.5049863337E-01,    7.7941282062E-01,                  NaN
    7.1093750000E-01,   -6.8269328786E-01,   -4.5277676490E-01,    7.7941282062E-01,                  NaN
    7.1289062500E-01,   -6.8286829756E-01,   -4.5514160947E-01,    7.7941282062E-01,                  NaN
    7.1484375000E-01,   -6.8320208933E-01,   -4.5759101939E-01,    7.7941282062E-01,                  NaN
    7.1679687500E-01,   -6.8368708344E-01,   -4.6012217852E-01,    7.7941282062E-01,                  NaN
    7.1875000000E-01,   -6.8431466657E-01,   -4.6273166628E-01,    7.7941282062E-01,                  NaN
    7.2070312500E-01,   -6.8507539876E-01,   -4.6541555543E-01,    7.7941282062E-01,                  NaN
    7.2265625000E-01,   -6.8595927519E-01,   -4.6816954151E-01,    7.7941282062E-01,                  NaN
    7.2460937500E-01,   -6.8695603246E-01,   -4.7098909900E-01,    7.7941282062E-01,                  NaN
    7.2656250000E-01,   -6.8805548329E-01,   -4.7386965606E-01,    7.7941282062E-01,                  NaN
    7.2851562500E-01,   -6.8924785927E-01,   -4.7680677721E-01,    7.7941282062E-01,                  NaN
    7.3046875000E-01,   -6.9052413843E-01,   -4.7979634179E-01,    7.7941282062E-01,                  NaN
    7.3242187500E-01,   -6.9187633387E-01,   -4.8283470527E-01,    7.7941282062E-01,                  NaN
    7.3437500000E-01,   -6.9329772182E-01,   -4.8591883147E-01,    7.7941282062E-01,                  NaN
    7.3632812500E-01,   -6.9478299197E-01,   -4.8904638558E-01,    7.7941282062E-01,                  NaN
    7.3828125000E-01,   -6.9632830946E-01,   -4.9221578135E-01,    7.7941282062E-01,                  NaN
    7.4023437500E-01,   -6.9793128569E-01,   -4.9542617959E-01,    7.7941282062E-01,                  NaN
    7.4218750000E-01,   -6.9959086348E-01,   -4.9867743952E-01,    7.7941282062E-01,                  NaN
    7.4414062500E-01,   -7.0130712970E-01,   -5.0197002896E-01,    7.7941282062E-01,                  NaN
    7.4609375000E-01,   -7.0308107444E-01,   -5.0530490252E-01,    7.7941282062E-01,                  NaN
    7.4804687500E-01,   -7.0491431944E-01,   -5.0868335959E-01,    7.7941282062E-01,                  NaN
    7.5000000000E-01,   -7.0680883968E-01,   -5.1210689489E-01,    7.7941282062E-01,                  NaN
    7.5195312500E-01,   -7.0876669992E-01,   -5.1557705372E-01,    7.7941282062E-01,                  NaN
    7.5390625000E-01,   -7.1078982379E-01,   -5.1909530228E-01,    7.7941282062E-01,                  NaN
    7.5585937500E-01,   -7.1287980727E-01,   -5.2266292045E-01,    7.7941282062E-01,                  NaN
    7.5781250000E-01,   -7.1503778145E-01,   -5.2628092075E-01,    7.7941282062E-01,                  NaN
    7.5976562500E-01,   -7.1726432292E-01,   -5.2994999372E-01,    7.7941282062E-01,                  NaN
    7.6171875000E-01,   -7.1955940487E-01,   -5.3367047661E-01,    7.7941282062E-01,                  NaN
    7.6367187500E-01,   -7.2192237820E-01,   -5.3744234002E-01,    7.7941282062E-01,                  NaN
    7.6562500000E-01,   -7.2435197046E-01,   -5.4126518610E-01,    7.7941282062E-01,                  NaN
    7.6757812500E-01,   -7.2684629161E-01,   -5.4513825189E-01,    7.7941282062E-01,                  NaN
    7.6953125000E-01,   -7.2940283772E-01,   -5.4906041256E-01,    7.7941282062E-01,                  NaN
    7.7148437500E-01,   -7.3201848831E-01,   -5.5303018171E-01,    7.7941282062E-01,                  NaN
    7.7343750000E-01,   -7.3468949709E-01,   -5.5704570772E-01,    7.7941282062E-01,                  NaN
    7.7539062500E-01,   -7.3741148016E-01,   -5.6110476802E-01,    7.7941282062E-01,                  NaN
    7.7734375000E-01,   -7.4017940882E-01,   -5.6520476469E-01,    7.7941282062E-01,                  NaN
    7.7929687500E-01,   -7.4298761560E-01,   -5.6934272560E-01,    7.7941282062E-01,                  NaN
    7.8125000000E-01,   -7.4582982145E-01,   -5.7351531548E-01,    7.7941282062E-01,                  NaN
    7.8320312500E-01,   -7.4869919025E-01,   -5.7771886018E-01,    7.7941282062E-01,                  NaN
    7.8515625000E-01,   -7.5158841261E-01,   -5.8194938532E-01,    7.7941282062E-01,                  NaN
    7.8710937500E-01,   -7.5448981714E-01,   -5.8620266842E-01,    7.7941282062E-01,                  NaN
    7.8906250000E-01,   -7.5739550213E-01,   -5.9047430133E-01,    7.7941282062E-01,                  NaN
    7.9101562500E-01,   -7.6029747760E-01,   -5.9475975764E-01,    7.7941282062E-01,                  NaN
    7.9296875000E-01,   -7.6318780452E-01,   -5.9905445891E-01,    7.7941282062E-01,                  NaN
    7.9492187500E-01,   -7.6605871791E-01,   -6.0335383296E-01,    7.7941282062E-01,                  NaN
    7.9687500000E-01,   -7.6890272145E-01,   -6.0765335872E-01,    7.7941282062E-01,                  NaN
    7.9882812500E-01,   -7.7171264455E-01,   -6.1194859346E-01,    7.7941282062E-01,                  NaN
    8.0078125000E-01,   -7.7448165716E-01,   -6.1623518059E-01,    7.7941282062E-01,                  NaN
    8.0273437500E-01,   -7.7720324278E-01,   -6.2050883910E-01,    7.7941282062E-01,                  NaN
    8.0468750000E-01,   -7.7987113522E-01,   -6.2476533760E-01,    7.7941282062E-01,                  NaN
    8.0664062500E-01,   -7.8247922918E-01,   -6.2900045817E-01,    7.7941282062E-01,                  NaN
    8.0859375000E-01,   -7.8502147768E-01,   -6.3320995639E-01,    7.7941282062E-01,                  NaN
    8.1054687500E-01,   -7.8749179058E-01,   -6.3738952399E-01,    7.7941282062E-01,                  NaN
    8.1250000000E-01,   -7.8988394815E-01,   -6.4153476008E-01,    7.7941282062E-01,                  NaN
    8.1445312500E-01,   -7.9219154086E-01,   -6.4564115527E-01,    7.7941282062E-01,                  NaN
    8.1640625000E-01,   -7.9440794338E-01,   -6.4970409158E-01,    7.7941282062E-01,                  NaN
    8.1835937500E-01,   -7.9652632592E-01,   -6.5371885819E-01,    7.7941282062E-01,                  NaN
    8.2031250000E-01,   -7.9853970160E-01,   -6.5768068185E-01,    7.7941282062E-01,                  NaN
    8.2226562500E-01,   -8.0044100434E-01,   -6.6158476846E-01,    7.7941282062E-01,                  NaN
    8.2421875000E-01,   -8.0222318860E-01,   -6.6542635169E-01,    7.7941282062E-01,                  NaN
    8.2617187500E-01,   -8.0387934016E-01,   -6.6920074373E-01,    7.7941282062E-01,                  NaN
    8.2812500000E-01,   -8.0540278719E-01,   -6.7290338364E-01,    7.7941282062E-01,                  NaN
    8.3007812500E-01,   -8.0678720123E-01,   -6.7652987944E-01,    7.7941282062E-01,                  NaN
    8.3203125000E-01,   -8.0802668014E-01,   -6.8007604111E-01,    7.7941282062E-01,                  NaN
    8.3398437500E-01,   -8.0911580758E-01,   -6.8353790312E-01,    7.7941282062E-01,                  NaN
    8.3593750000E-01,   -8.1004968698E-01,   -6.8691173627E-01,    7.7941282062E-01,                  NaN
    8.3789062500E-01,   -8.1082395059E-01,   -6.9019405009E-01,    7.7941282062E-01,                  NaN
    8.3984375000E-01,   -8.1143474703E-01,   -6.9338158766E-01,    7.7941282062E-01,                  NaN
    8.4179687500E-01,   -8.1187871261E-01,   -6.9647131547E-01,    7.7941282062E-01,                  NaN
    8.4375000000E-01,   -8.1215293265E-01,   -6.9946041140E-01,    7.7941282062E-01,                  NaN
    8.4570312500E-01,   -8.1225489963E-01,   -7.0234625346E-01,    7.7941282062E-01,                  NaN
    8.4765625000E-01,   -8.1218247451E-01,   -7.0512641195E-01,    7.7941282062E-01,                  NaN
    8.4960937500E-01,   -8.1193385683E-01,   -7.0779864729E-01,    7.7941282062E-01,                  NaN
    8.5156250000E-01,   -8.1150756811E-01,   -7.1036091493E-01,    7.7941282062E-01,                  NaN
    8.5351562500E-01,   -8.1090245159E-01,   -7.1281137840E-01,    7.7941282062E-01,                  NaN
    8.5546875000E-01,   -8.1011768992E-01,   -7.1514843088E-01,    7.7941282062E-01,                  NaN
    8.5742187500E-01,   -8.0915284099E-01,   -7.1737072523E-01,    7.7941282062E-01,                  NaN
    8.5937500000E-01,   -8.0800789062E-01,   -7.1947721142E-01,    7.7941282062E-01,                  NaN
    8.6132812500E-01,   -8.0668331917E-01,   -7.2146718044E-01,    7.7941282062E-01,                  NaN
    8.6328125000E-01,   -8.0518017821E-01,   -7.2334031241E-01,    7.7941282062E-01,                  NaN
    8.6523437500E-01,   -8.0350017162E-01,   -7.2509672678E-01,    7.7941282062E-01,                  NaN
    8.6718750000E-01,   -8.0164573492E-01,   -7.2673703142E-01,    7.7941282062E-01,                  NaN
    8.6914062500E-01,   -7.9962010544E-01,   -7.2826236713E-01,    7.7941282062E-01,                  NaN
    8.7109375000E-01,   -7.9742737603E-01,   -7.2967444365E-01,    7.7941282062E-01,                  NaN
    8.7304687500E-01,   -7.9507252490E-01,   -7.3097556301E-01,    7.7941282062E-01,                  NaN
    8.7500000000E-01,   -7.9256141517E-01,   -7.3216862630E-01,    7.7941282062E-01,                  NaN
    8.7695312500E-01,   -7.8990075929E-01,   -7.3325712011E-01,    7.7941282062E-01,                  NaN
    8.7890625000E-01,   -7.8709804538E-01,   -7.3424508003E-01,    7.7941282062E-01,                  NaN
    8.8085937500E-01,   -7.8416142517E-01,   -7.3513702975E-01,    7.7941282062E-01,                  NaN
    8.8281250000E-01,   -7.8109956620E-01,   -7.3593789592E-01,    7.7941282061E-01,                  NaN
    8.8476562500E-01,   -7.7792147341E-01,   -7.3665290092E-01,    7.7941282061E-01,                  NaN
    8.8671875000E-01,   -7.7463628825E-01,   -7.3728743754E-01,    7.7941282061E-01,                  NaN
    8.8867187500E-01,   -7.7125307524E-01,   -7.3784693157E-01,    7.7941282061E-01,                  NaN
    8.9062500000E-01,   -7.6778060736E-01,   -7.3833669946E-01,    7.7941282061E-01,                  NaN
    8.9257812500E-01,   -7.6422716219E-01,   -7.3876180962E-01,    7.7941282061E-01,                  NaN
    8.9453125000E-01,   -7.6060034027E-01,   -7.3912695553E-01,    7.7941282061E-01,                  NaN
    8.9648437500E-01,   -7.5690691564E-01,   -7.3943634877E-01,    7.7941282061E-01,                  NaN
    8.9843750000E-01,   -7.5315272666E-01,   -7.3969363830E-01,    7.7941282061E-01,                  NaN
    9.0039062500E-01,   -7.4934261242E-01,   -7.3990186076E-01,    7.7941282061E-01,                  NaN
    9.0234375000E-01,   -7.4548039696E-01,   -7.4006342366E-01,    7.7941282061E-01,                  NaN
    9.0429687500E-01,   -7.4156892055E-01,   -7.4018012149E-01,    7.7941282061E-01,                  NaN
    9.0625000000E-01,   -7.3761011445E-01,   -7.4025318176E-01,    7.7941282061E-01,                  NaN
    9.0820312500E-01,   -7.3360511316E-01,   -7.4028333645E-01,    7.7941282061E-01,                  NaN
    9.1015625000E-01,   -7.2955439643E-01,   -7.4027091310E-01,    7.7941282061E-01,                  NaN
    9.1210937500E-01,   -7.2545795216E-01,   -7.4021593877E-01,    7.7941282061E-01,                  NaN
    9.1406250000E-01,   -7.2131545140E-01,   -7.4011825088E-01,    7.7941282061E-01,                  NaN
    9.1601562500E-01,   -7.1712642654E-01,   -7.3997760881E-01,    7.7941282061E-01,                  NaN
    9.1796875000E-01,   -7.1289044490E-01,   -7.3979380207E-01,    7.7941282061E-01,                  NaN
    9.1992187500E-01,   -7.0860727135E-01,   -7.3956675114E-01,    7.7941282061E-01,                  NaN
    9.2187500000E-01,   -7.0427701432E-01,   -7.3929659896E-01,    7.7941282061E-01,                  NaN
    9.2382812500E-01,   -6.9990025157E-01,   -7.3898379113E-01,    7.7941282061E-01,                  NaN
    9.2578125000E-01,   -6.9547813248E-01,   -7.3862914378E-01,    7.7941282061E-01,                  NaN
    9.2773437500E-01,   -6.9101245500E-01,   -7.3823389779E-01,    7.7941282061E-01,                  NaN
    9.2968750000E-01,   -6.8650571567E-01,   -7.3779975799E-01,    7.7941282061E-01,                  NaN
    9.3164062500E-01,   -6.8196113171E-01,   -7.3732891583E-01,    7.7941282061E-01,                  NaN
    9.3359375000E-01,   -6.7738263492E-01,   -7.3682405360E-01,    7.7941282061E-01,                  NaN
    9.3554687500E-01,   -6.7277483723E-01,   -7.3628832891E-01,    7.7941282061E-01,                  NaN
    9.3750000000E-01,   -6.6814296923E-01,   -7.3572533866E-01,    7.7941282061E-01,                  NaN
    9.3945312500E-01,   -6.6349279374E-01,   -7.3513906285E-01,    7.7941282061E-01,                  NaN
    9.4140625000E-01,   -6.5883049824E-01,   -7.3453379037E-01,    7.7941282061E-01,                  NaN
    9.4335937500E-01,   -6.5416257138E-01,   -7.3391403030E-01,    7.7941282061E-01,                  NaN
    9.4531250000E-01,   -6.4949567053E-01,   -7.3328441428E-01,    7.7941282061E-01,                  NaN
    9.4726562500E-01,   -6.4483648830E-01,   -7.3264959644E-01,    7.7941282061E-01,                  NaN
    9.4921875000E-01,   -6.4019162658E-01,   -7.3201415806E-01,    7.7941282061E-01,                  NaN
    9.5117187500E-01,   -6.3556748662E-01,   -7.3138252413E-01,    7.7941282061E-01,                  NaN
    9.5312500000E-01,   -6.3097018241E-01,   -7.3075889791E-01,    7.7941282061E-01,                  NaN
    9.5507812500E-01,   -6.2640548293E-01,   -7.3014721790E-01,    7.7941282061E-01,                  NaN
    9.5703125000E-01,   -6.2187878611E-01,   -7.2955113944E-01,    7.7941282061E-01,                  NaN
    9.5898437500E-01,   -6.1739512441E-01,   -7.2897404059E-01,    7.7941282061E-01,                  NaN
    9.6093750000E-01,   -6.1295919879E-01,   -7.2841904972E-01,    7.7941282061E-01,                  NaN
    9.6289062500E-01,   -6.0857543515E-01,   -7.2788908986E-01,    7.7941282061E-01,                  NaN
    9.6484375000E-01,   -6.0424805521E-01,   -7.2738693370E-01,    7.7941282061E-01,                  NaN
    9.6679687500E-01,   -5.9998115240E-01,   -7.2691526212E-01,    7.7941282061E-01,                  NaN
    9.6875000000E-01,   -5.9577876320E-01,   -7.2647671932E-01,    7.7941282061E-01,                  NaN
    9.7070312500E-01,   -5.9164492537E-01,   -7.2607395841E-01,    7.7941282061E-01,                  NaN
    9.7265625000E-01,   -5.8758371583E-01,   -7.2570967246E-01,    7.7941282061E-01,                  NaN
    9.7460937500E-01,   -5.8359926390E-01,   -7.2538660815E-01,    7.7941282061E-01,                  NaN
    9.7656250000E-01,   -5.7969573802E-01,   -7.2510756064E-01,    7.7941282061E-01,                  NaN
    9.7851562500E-01,   -5.7587730717E-01,   -7.2487535069E-01,    7.7941282061E-01,                  NaN
    9.8046875000E-01,   -5.7214808072E-01,   -7.2469278614E-01,    7.7941282061E-01,                  NaN
    9.8242187500E-01,   -5.6851203252E-01,   -7.2456261167E-01,    7.7941282061E-01,                  NaN
    9.8437500000E-01,   -5.6497291618E-01,   -7.2448745133E-01,    7.7941282061E-01,                  NaN
    9.8632812500E-01,   -5.6153417959E-01,   -7.2446974883E-01,    7.7941282061E-01,                  NaN
    9.8828125000E-01,   -5.5819888564E-01,   -7.2451171048E-01,    7.7941282061E-01,                  NaN
    9.9023437500E-01,   -5.5496964599E-01,   -7.2461525524E-01,    7.7941282061E-01,                  NaN
    9.9218750000E-01,   -5.5184857239E-01,   -7.2478197548E-01,    7.7941282061E-01,                  NaN
    9.9414062500E-01,   -5.4883724860E-01,   -7.2501311088E-01,    7.7941282061E-01,                  NaN
    9.9609375000E-01,   -5.4593672370E-01,   -7.2530953674E-01,    7.7941282061E-01,                  NaN
    9.9804687500E-01,   -5.4314752514E-01,   -7.2567176666E-01,    7.7941282061E-01,                  NaN
    1.0000000000E+00,   -5.4046968869E-01,   -7.2609996807E-01,    7.7941282061E-01,                  NaN
                 NaN,   -5.8805069887E-01,   -3.0544001054E-01,    7.7941282061E-01,                  NaN
