                Time,             Y-Force,      Work integrand,                Mass,           Mass error
    0.0000000000E+00,    1.3322676296E-15,    0.0000000000E+00,    7.8540027826E-01,                  NaN
    1.9531250000E-03,   -5.9353354777E-05,   -5.9156224244E-10,    7.8540027826E-01,                  NaN
    3.9062500000E-03,   -2.2035685752E-04,   -8.2263910598E-09,    7.8540027826E-01,                  NaN
    5.8593750000E-03,   -4.8132270543E-04,   -3.8251136880E-08,    7.8540027826E-01,                  NaN
    7.8125000000E-03,   -8.4361444637E-04,   -1.1501462792E-07,    7.8540027826E-01,                  NaN
    9.7656250000E-03,   -1.3062508828E-03,   -2.7070834493E-07,    7.8540027826E-01,                  NaN
    1.1718750000E-02,   -1.8693058233E-03,   -5.4557847740E-07,    7.8540027826E-01,                  NaN
    1.3671875000E-02,   -2.5330110874E-03,   -9.8779794401E-07,    7.8540027826E-01,                  NaN
    1.5625000000E-02,   -3.2976608658E-03,   -1.6533664275E-06,    7.8540027826E-01,                  NaN
    1.7578125000E-02,   -4.1635956785E-03,   -2.6060638005E-06,    7.8540027826E-01,                  NaN
    1.9531250000E-02,   -5.1311808512E-03,   -3.9174078634E-06,    7.8540027826E-01,                  NaN
    2.1484375000E-02,   -6.2007995814E-03,   -5.6666206251E-06,    7.8540027826E-01,                  NaN
    2.3437500000E-02,   -7.3728484712E-03,   -7.9406006094E-06,    7.8540027826E-01,                  NaN
    2.5390625000E-02,   -8.6477268350E-03,   -1.0833891315E-05,    7.8540027826E-01,                  NaN
    2.7343750000E-02,   -1.0025832814E-02,   -1.4448652140E-05,    7.8540027826E-01,                  NaN
    2.9296875000E-02,   -1.1507564984E-02,   -1.8894635294E-05,    7.8540027826E-01,                  NaN
    3.1250000000E-02,   -1.3093318379E-02,   -2.4289156938E-05,    7.8540027826E-01,                  NaN
    3.3203125000E-02,   -1.4783477931E-02,   -3.0757059738E-05,    7.8540027826E-01,                  NaN
    3.5156250000E-02,   -1.6578417907E-02,   -3.8430678895E-05,    7.8540027826E-01,                  NaN
    3.7109375000E-02,   -1.8478504370E-02,   -4.7449812966E-05,    7.8540027826E-01,                  NaN
    3.9062500000E-02,   -2.0484092791E-02,   -5.7961684651E-05,    7.8540027826E-01,                  NaN
    4.1015625000E-02,   -2.2595522151E-02,   -7.0120886789E-05,    7.8540027826E-01,                  NaN
    4.2968750000E-02,   -2.4813112855E-02,   -8.4089328401E-05,    7.8540027826E-01,                  NaN
    4.4921875000E-02,   -2.7137169438E-02,   -1.0003619004E-04,    7.8540027826E-01,                  NaN
    4.6875000000E-02,   -2.9567981695E-02,   -1.1813787492E-04,    7.8540027826E-01,                  NaN
    4.8828125000E-02,   -3.2105820604E-02,   -1.3857793882E-04,    7.8540027826E-01,                  NaN
    5.0781250000E-02,   -3.4750933002E-02,   -1.6154700404E-04,    7.8540027826E-01,                  NaN
    5.2734375000E-02,   -3.7503540306E-02,   -1.8724267765E-04,    7.8540027826E-01,                  NaN
    5.4687500000E-02,   -4.0363841022E-02,   -2.1586948134E-04,    7.8540027826E-01,                  NaN
    5.6640625000E-02,   -4.3332012664E-02,   -2.4763877904E-04,    7.8540027826E-01,                  NaN
    5.8593750000E-02,   -4.6408210529E-02,   -2.8276868705E-04,    7.8540027826E-01,                  NaN
    6.0546875000E-02,   -4.9592564274E-02,   -3.2148396424E-04,    7.8540027826E-01,                  NaN
    6.2500000000E-02,   -5.2885173368E-02,   -3.6401588309E-04,    7.8540027826E-01,                  NaN
    6.4453125000E-02,   -5.6286100937E-02,   -4.1060207450E-04,    7.8540027826E-01,                  NaN
    6.6406250000E-02,   -5.9795367413E-02,   -4.6148635037E-04,    7.8540027826E-01,                  NaN
    6.8359375000E-02,   -6.3412949920E-02,   -5.1691854711E-04,    7.8540027826E-01,                  NaN
    7.0312500000E-02,   -6.7138793017E-02,   -5.7715445153E-04,    7.8540027826E-01,                  NaN
    7.2265625000E-02,   -7.0972826266E-02,   -6.4245580786E-04,    7.8540027826E-01,                  NaN
    7.4218750000E-02,   -7.4914971869E-02,   -7.1309028117E-04,    7.8540027826E-01,                  NaN
    7.6171875000E-02,   -7.8965127131E-02,   -7.8933120382E-04,    7.8540027826E-01,                  NaN
    7.8125000000E-02,   -8.3123127205E-02,   -8.7145707357E-04,    7.8540027826E-01,                  NaN
    8.0078125000E-02,   -8.7388716708E-02,   -9.5975102691E-04,    7.8540027826E-01,                  NaN
    8.2031250000E-02,   -9.1761558063E-02,   -1.0545006155E-03,    7.8540027826E-01,                  NaN
    8.3984375000E-02,   -9.6241273767E-02,   -1.1559979837E-03,    7.8540027826E-01,                  NaN
    8.5937500000E-02,   -1.0082748614E-01,   -1.2645401417E-03,    7.8540027826E-01,                  NaN
    8.7890625000E-02,   -1.0551981680E-01,   -1.3804288618E-03,    7.8540027826E-01,                  NaN
    8.9843750000E-02,   -1.1031784373E-01,   -1.5039700223E-03,    7.8540027826E-01,                  NaN
    9.1796875000E-02,   -1.1522105268E-01,   -1.6354727260E-03,    7.8540027826E-01,                  NaN
    9.3750000000E-02,   -1.2022882337E-01,   -1.7752487366E-03,    7.8540027826E-01,                  NaN
    9.5703125000E-02,   -1.2534045743E-01,   -1.9236124693E-03,    7.8540027826E-01,                  NaN
    9.7656250000E-02,   -1.3055521849E-01,   -2.0808812573E-03,    7.8540027826E-01,                  NaN
    9.9609375000E-02,   -1.3587234807E-01,   -2.2473753741E-03,    7.8540027826E-01,                  NaN
    1.0156250000E-01,   -1.4129104594E-01,   -2.4234175252E-03,    7.8540027826E-01,                  NaN
    1.0351562500E-01,   -1.4681043287E-01,   -2.6093319605E-03,    7.8540027826E-01,                  NaN
    1.0546875000E-01,   -1.5242952349E-01,   -2.8054436183E-03,    7.8540027826E-01,                  NaN
    1.0742187500E-01,   -1.5814722456E-01,   -3.0120776185E-03,    7.8540027826E-01,                  NaN
    1.0937500000E-01,   -1.6396235346E-01,   -3.2295591251E-03,    7.8540027826E-01,                  NaN
    1.1132812500E-01,   -1.6987366004E-01,   -3.4582133404E-03,    7.8540027826E-01,                  NaN
    1.1328125000E-01,   -1.7587983585E-01,   -3.6983653271E-03,    7.8540027826E-01,                  NaN
    1.1523437500E-01,   -1.8197950465E-01,   -3.9503394719E-03,    7.8540027826E-01,                  NaN
    1.1718750000E-01,   -1.8817119948E-01,   -4.2144586169E-03,    7.8540027826E-01,                  NaN
    1.1914062500E-01,   -1.9445333880E-01,   -4.4910430619E-03,    7.8540027826E-01,                  NaN
    1.2109375000E-01,   -2.0082421289E-01,   -4.7804096938E-03,    7.8540027826E-01,                  NaN
    1.2304687500E-01,   -2.0728198496E-01,   -5.0828713941E-03,    7.8540027826E-01,                  NaN
    1.2500000000E-01,   -2.1382470188E-01,   -5.3987366857E-03,    7.8540027826E-01,                  NaN
    1.2695312500E-01,   -2.2045030437E-01,   -5.7283094139E-03,    7.8540027826E-01,                  NaN
    1.2890625000E-01,   -2.2715662785E-01,   -6.0718882302E-03,    7.8540027826E-01,                  NaN
    1.3085937500E-01,   -2.3394139176E-01,   -6.4297657603E-03,    7.8540027826E-01,                  NaN
    1.3281250000E-01,   -2.4080218204E-01,   -6.8022275060E-03,    7.8540027826E-01,                  NaN
    1.3476562500E-01,   -2.4773643316E-01,   -7.1895506322E-03,    7.8540027826E-01,                  NaN
    1.3671875000E-01,   -2.5474141324E-01,   -7.5920027615E-03,    7.8540027826E-01,                  NaN
    1.3867187500E-01,   -2.6181421100E-01,   -8.0098407981E-03,    7.8540027826E-01,                  NaN
    1.4062500000E-01,   -2.6895172223E-01,   -8.4433097371E-03,    7.8540027826E-01,                  NaN
    1.4257812500E-01,   -2.7615063732E-01,   -8.8926414699E-03,    7.8540027826E-01,                  NaN
    1.4453125000E-01,   -2.8340743664E-01,   -9.3580537181E-03,    7.8540027826E-01,                  NaN
    1.4648437500E-01,   -2.9071840026E-01,   -9.8397492594E-03,    7.8540027826E-01,                  NaN
    1.4843750000E-01,   -2.9807962888E-01,   -1.0337915405E-02,    7.8540027826E-01,                  NaN
    1.5039062500E-01,   -3.0548705769E-01,   -1.0852723281E-02,    7.8540027826E-01,                  NaN
    1.5234375000E-01,   -3.1293643535E-01,   -1.1384326128E-02,    7.8540027826E-01,                  NaN
    1.5429687500E-01,   -3.2042324736E-01,   -1.1932855884E-02,    7.8540027826E-01,                  NaN
    1.5625000000E-01,   -3.2794258975E-01,   -1.2498417991E-02,    7.8540027826E-01,                  NaN
    1.5820312500E-01,   -3.3548903441E-01,   -1.3081085445E-02,    7.8540027826E-01,                  NaN
    1.6015625000E-01,   -3.4305655083E-01,   -1.3680894059E-02,    7.8540027826E-01,                  NaN
    1.6210937500E-01,   -3.5063854206E-01,   -1.4297841020E-02,    7.8540027826E-01,                  NaN
    1.6406250000E-01,   -3.5822800602E-01,   -1.4931887654E-02,    7.8540027826E-01,                  NaN
    1.6601562500E-01,   -3.6581776133E-01,   -1.5582964971E-02,    7.8540027826E-01,                  NaN
    1.6796875000E-01,   -3.7340060623E-01,   -1.6250977757E-02,    7.8540027826E-01,                  NaN
    1.6992187500E-01,   -3.8096924727E-01,   -1.6935801048E-02,    7.8540027826E-01,                  NaN
    1.7187500000E-01,   -3.8851586794E-01,   -1.7637262965E-02,    7.8540027826E-01,                  NaN
    1.7382812500E-01,   -3.9603131490E-01,   -1.8355111000E-02,    7.8540027826E-01,                  NaN
    1.7578125000E-01,   -4.0350403826E-01,   -1.9088964746E-02,    7.8540027826E-01,                  NaN
    1.7773437500E-01,   -4.1091908383E-01,   -1.9838265321E-02,    7.8540027826E-01,                  NaN
    1.7968750000E-01,   -4.1825753285E-01,   -2.0602237795E-02,    7.8540027826E-01,                  NaN
    1.8164062500E-01,   -4.2549676170E-01,   -2.1379884782E-02,    7.8540027826E-01,                  NaN
    1.8359375000E-01,   -4.3261172492E-01,   -2.2170024941E-02,    7.8540027826E-01,                  NaN
    1.8554687500E-01,   -4.3957718108E-01,   -2.2971379292E-02,    7.8540027826E-01,                  NaN
    1.8750000000E-01,   -4.4637046603E-01,   -2.3782693668E-02,    7.8540027826E-01,                  NaN
    1.8945312500E-01,   -4.5297418773E-01,   -2.4602872286E-02,    7.8540027826E-01,                  NaN
    1.9140625000E-01,   -4.5937816807E-01,   -2.5431090558E-02,    7.8540027826E-01,                  NaN
    1.9335937500E-01,   -4.6558012764E-01,   -2.6266858458E-02,    7.8540027826E-01,                  NaN
    1.9531250000E-01,   -4.7158495201E-01,   -2.7110018696E-02,    7.8540027826E-01,                  NaN
    1.9726562500E-01,   -4.7740277400E-01,   -2.7960682446E-02,    7.8540027826E-01,                  NaN
    1.9921875000E-01,   -4.8304641660E-01,   -2.8819122767E-02,    7.8540027826E-01,                  NaN
    2.0117187500E-01,   -4.8852885938E-01,   -2.9685655910E-02,    7.8540027826E-01,                  NaN
    2.0312500000E-01,   -4.9386129302E-01,   -3.0560540355E-02,    7.8540027826E-01,                  NaN
    2.0507812500E-01,   -4.9905206956E-01,   -3.1443913688E-02,    7.8540027826E-01,                  NaN
    2.0703125000E-01,   -5.0410655089E-01,   -3.2335772950E-02,    7.8540027826E-01,                  NaN
    2.0898437500E-01,   -5.0902761670E-01,   -3.3235990684E-02,    7.8540027826E-01,                  NaN
    2.1093750000E-01,   -5.1381648321E-01,   -3.4144350954E-02,    7.8540027826E-01,                  NaN
    2.1289062500E-01,   -5.1847351112E-01,   -3.5060588694E-02,    7.8540027826E-01,                  NaN
    2.1484375000E-01,   -5.2299879861E-01,   -3.5984420411E-02,    7.8540027826E-01,                  NaN
    2.1679687500E-01,   -5.2739249674E-01,   -3.6915561259E-02,    7.8540027826E-01,                  NaN
    2.1875000000E-01,   -5.3165489358E-01,   -3.7853729726E-02,    7.8540027826E-01,                  NaN
    2.2070312500E-01,   -5.3578636423E-01,   -3.8798644604E-02,    7.8540027826E-01,                  NaN
    2.2265625000E-01,   -5.3978728057E-01,   -3.9750019374E-02,    7.8540027826E-01,                  NaN
    2.2460937500E-01,   -5.4365794060E-01,   -4.0707557563E-02,    7.8540027826E-01,                  NaN
    2.2656250000E-01,   -5.4739853807E-01,   -4.1670950494E-02,    7.8540027826E-01,                  NaN
    2.2851562500E-01,   -5.5100916606E-01,   -4.2639877174E-02,    7.8540027826E-01,                  NaN
    2.3046875000E-01,   -5.5448983804E-01,   -4.3614005373E-02,    7.8540027826E-01,                  NaN
    2.3242187500E-01,   -5.5784051256E-01,   -4.4592993000E-02,    7.8540027826E-01,                  NaN
    2.3437500000E-01,   -5.6106111471E-01,   -4.5576489345E-02,    7.8540027826E-01,                  NaN
    2.3632812500E-01,   -5.6415155399E-01,   -4.6564136127E-02,    7.8540027826E-01,                  NaN
    2.3828125000E-01,   -5.6711174002E-01,   -4.7555568475E-02,    7.8540027826E-01,                  NaN
    2.4023437500E-01,   -5.6994159701E-01,   -4.8550415903E-02,    7.8540027826E-01,                  NaN
    2.4218750000E-01,   -5.7264107647E-01,   -4.9548303252E-02,    7.8540027826E-01,                  NaN
    2.4414062500E-01,   -5.7521016670E-01,   -5.0548851485E-02,    7.8540027826E-01,                  NaN
    2.4609375000E-01,   -5.7764889910E-01,   -5.1551678311E-02,    7.8540027826E-01,                  NaN
    2.4804687500E-01,   -5.7995735204E-01,   -5.2556398682E-02,    7.8540027826E-01,                  NaN
    2.5000000000E-01,   -5.8213565461E-01,   -5.3562625301E-02,    7.8540027826E-01,                  NaN
    2.5195312500E-01,   -5.8418399182E-01,   -5.4569969287E-02,    7.8540027826E-01,                  NaN
    2.5390625000E-01,   -5.8610261183E-01,   -5.5578041033E-02,    7.8540027826E-01,                  NaN
    2.5585937500E-01,   -5.8789183438E-01,   -5.6586451216E-02,    7.8540027826E-01,                  NaN
    2.5781250000E-01,   -5.8955205890E-01,   -5.7594811834E-02,    7.8540027826E-01,                  NaN
    2.5976562500E-01,   -5.9108377118E-01,   -5.8602737185E-02,    7.8540027826E-01,                  NaN
    2.6171875000E-01,   -5.9248754830E-01,   -5.9609844755E-02,    7.8540027826E-01,                  NaN
    2.6367187500E-01,   -5.9376406278E-01,   -6.0615756080E-02,    7.8540027826E-01,                  NaN
    2.6562500000E-01,   -5.9491408669E-01,   -6.1620097655E-02,    7.8540027826E-01,                  NaN
    2.6757812500E-01,   -5.9593849644E-01,   -6.2622501946E-02,    7.8540027826E-01,                  NaN
    2.6953125000E-01,   -5.9683827798E-01,   -6.3622608502E-02,    7.8540027826E-01,                  NaN
    2.7148437500E-01,   -5.9761453194E-01,   -6.4620065090E-02,    7.8540027826E-01,                  NaN
    2.7343750000E-01,   -5.9826847809E-01,   -6.5614528837E-02,    7.8540027826E-01,                  NaN
    2.7539062500E-01,   -5.9880145946E-01,   -6.6605667375E-02,    7.8540027826E-01,                  NaN
    2.7734375000E-01,   -5.9921494660E-01,   -6.7593160049E-02,    7.8540027826E-01,                  NaN
    2.7929687500E-01,   -5.9951054294E-01,   -6.8576699264E-02,    7.8540027826E-01,                  NaN
    2.8125000000E-01,   -5.9968999120E-01,   -6.9555992005E-02,    7.8540027826E-01,                  NaN
    2.8320312500E-01,   -5.9975518053E-01,   -7.0530761485E-02,    7.8540027826E-01,                  NaN
    2.8515625000E-01,   -5.9970815307E-01,   -7.1500748828E-02,    7.8540027826E-01,                  NaN
    2.8710937500E-01,   -5.9955110912E-01,   -7.2465714672E-02,    7.8540027826E-01,                  NaN
    2.8906250000E-01,   -5.9928641059E-01,   -7.3425440682E-02,    7.8540027826E-01,                  NaN
    2.9101562500E-01,   -5.9891658339E-01,   -7.4379731010E-02,    7.8540027826E-01,                  NaN
    2.9296875000E-01,   -5.9844432030E-01,   -7.5328413850E-02,    7.8540027826E-01,                  NaN
    2.9492187500E-01,   -5.9787248535E-01,   -7.6271343224E-02,    7.8540027826E-01,                  NaN
    2.9687500000E-01,   -5.9720412050E-01,   -7.7208401069E-02,    7.8540027826E-01,                  NaN
    2.9882812500E-01,   -5.9644245366E-01,   -7.8139499582E-02,    7.8540027826E-01,                  NaN
    3.0078125000E-01,   -5.9559090663E-01,   -7.9064583636E-02,    7.8540027826E-01,                  NaN
    3.0273437500E-01,   -5.9465310113E-01,   -7.9983633096E-02,    7.8540027826E-01,                  NaN
    3.0468750000E-01,   -5.9363286199E-01,   -8.0896664887E-02,    7.8540027826E-01,                  NaN
    3.0664062500E-01,   -5.9253421789E-01,   -8.1803734840E-02,    7.8540027826E-01,                  NaN
    3.0859375000E-01,   -5.9136140188E-01,   -8.2704939547E-02,    7.8540027826E-01,                  NaN
    3.1054687500E-01,   -5.9011885411E-01,   -8.3600418537E-02,    7.8540027826E-01,                  NaN
    3.1250000000E-01,   -5.8881122894E-01,   -8.4490357078E-02,    7.8540027826E-01,                  NaN
    3.1445312500E-01,   -5.8744340680E-01,   -8.5374989697E-02,    7.8540027826E-01,                  NaN
    3.1640625000E-01,   -5.8602050842E-01,   -8.6254604184E-02,    7.8540027826E-01,                  NaN
    3.1835937500E-01,   -5.8454790735E-01,   -8.7129545589E-02,    7.8540027826E-01,                  NaN
    3.2031250000E-01,   -5.8303123629E-01,   -8.8000219560E-02,    7.8540027826E-01,                  NaN
    3.2226562500E-01,   -5.8147638476E-01,   -8.8867094635E-02,    7.8540027826E-01,                  NaN
    3.2421875000E-01,   -5.7988948923E-01,   -8.9730703500E-02,    7.8540027826E-01,                  NaN
    3.2617187500E-01,   -5.7827692137E-01,   -9.0591643920E-02,    7.8540027826E-01,                  NaN
    3.2812500000E-01,   -5.7664528260E-01,   -9.1450580482E-02,    7.8540027826E-01,                  NaN
    3.3007812500E-01,   -5.7500141267E-01,   -9.2308248379E-02,    7.8540027826E-01,                  NaN
    3.3203125000E-01,   -5.7335241564E-01,   -9.3165459912E-02,    7.8540027826E-01,                  NaN
    3.3398437500E-01,   -5.7170569910E-01,   -9.4023113358E-02,    7.8540027826E-01,                  NaN
    3.3593750000E-01,   -5.7006901458E-01,   -9.4882202588E-02,    7.8540027826E-01,                  NaN
    3.3789062500E-01,   -5.6845048281E-01,   -9.5743824939E-02,    7.8540027826E-01,                  NaN
    3.3984375000E-01,   -5.6685858849E-01,   -9.6609184788E-02,    7.8540027826E-01,                  NaN
    3.4179687500E-01,   -5.6530213853E-01,   -9.7479591416E-02,    7.8540027826E-01,                  NaN
    3.4375000000E-01,   -5.6379019192E-01,   -9.8356451931E-02,    7.8540027826E-01,                  NaN
    3.4570312500E-01,   -5.6233198491E-01,   -9.9241262601E-02,    7.8540027826E-01,                  NaN
    3.4765625000E-01,   -5.6093688587E-01,   -1.0013560407E-01,    7.8540027826E-01,                  NaN
    3.4960937500E-01,   -5.5961441402E-01,   -1.0104114642E-01,    7.8540027826E-01,                  NaN
    3.5156250000E-01,   -5.5837434166E-01,   -1.0195966831E-01,    7.8540027826E-01,                  NaN
    3.5351562500E-01,   -5.5722687221E-01,   -1.0289309002E-01,    7.8540027826E-01,                  NaN
    3.5546875000E-01,   -5.5618285117E-01,   -1.0384351450E-01,    7.8540027826E-01,                  NaN
    3.5742187500E-01,   -5.5525393370E-01,   -1.0481326405E-01,    7.8540027826E-01,                  NaN
    3.5937500000E-01,   -5.5445261291E-01,   -1.0580489589E-01,    7.8540027826E-01,                  NaN
    3.6132812500E-01,   -5.5379201489E-01,   -1.0682117861E-01,    7.8540027826E-01,                  NaN
    3.6328125000E-01,   -5.5328539768E-01,   -1.0786501561E-01,    7.8540027826E-01,                  NaN
    3.6523437500E-01,   -5.5294534699E-01,   -1.0893931037E-01,    7.8540027826E-01,                  NaN
    3.6718750000E-01,   -5.5278273452E-01,   -1.1004678083E-01,    7.8540027826E-01,                  NaN
    3.6914062500E-01,   -5.5280557756E-01,   -1.1118974430E-01,    7.8540027826E-01,                  NaN
    3.7109375000E-01,   -5.5301799290E-01,   -1.1236990570E-01,    7.8540027826E-01,                  NaN
    3.7304687500E-01,   -5.5341945564E-01,   -1.1358818806E-01,    7.8540027826E-01,                  NaN
    3.7500000000E-01,   -5.5400454546E-01,   -1.1484464191E-01,    7.8540027826E-01,                  NaN
    3.7695312500E-01,   -5.5476328729E-01,   -1.1613845949E-01,    7.8540027826E-01,                  NaN
    3.7890625000E-01,   -5.5568208578E-01,   -1.1746810095E-01,    7.8540027826E-01,                  NaN
    3.8085937500E-01,   -5.5674513484E-01,   -1.1883151861E-01,    7.8540027826E-01,                  NaN
    3.8281250000E-01,   -5.5793608446E-01,   -1.2022644475E-01,    7.8540027826E-01,                  NaN
    3.8476562500E-01,   -5.5923969267E-01,   -1.2165069543E-01,    7.8540027826E-01,                  NaN
    3.8671875000E-01,   -5.6064319503E-01,   -1.2310243977E-01,    7.8540027826E-01,                  NaN
    3.8867187500E-01,   -5.6213718810E-01,   -1.2458039230E-01,    7.8540027826E-01,                  NaN
    3.9062500000E-01,   -5.6371593035E-01,   -1.2608390380E-01,    7.8540027826E-01,                  NaN
    3.9257812500E-01,   -5.6537708553E-01,   -1.2761294764E-01,    7.8540027826E-01,                  NaN
    3.9453125000E-01,   -5.6712103995E-01,   -1.2916802014E-01,    7.8540027826E-01,                  NaN
    3.9648437500E-01,   -5.6894998984E-01,   -1.3074998760E-01,    7.8540027826E-01,                  NaN
    3.9843750000E-01,   -5.7086700806E-01,   -1.3235991837E-01,    7.8540027826E-01,                  NaN
    4.0039062500E-01,   -5.7287526221E-01,   -1.3399893402E-01,    7.8540027826E-01,                  NaN
    4.0234375000E-01,   -5.7497748710E-01,   -1.3566810232E-01,    7.8540027826E-01,                  NaN
    4.0429687500E-01,   -5.7717573528E-01,   -1.3736838050E-01,    7.8540027826E-01,                  NaN
    4.0625000000E-01,   -5.7947136255E-01,   -1.3910060373E-01,    7.8540027826E-01,                  NaN
    4.0820312500E-01,   -5.8186516588E-01,   -1.4086550529E-01,    7.8540027826E-01,                  NaN
    4.1015625000E-01,   -5.8435758172E-01,   -1.4266375142E-01,    7.8540027826E-01,                  NaN
    4.1210937500E-01,   -5.8694886991E-01,   -1.4449597602E-01,    7.8540027826E-01,                  NaN
    4.1406250000E-01,   -5.8963923854E-01,   -1.4636280556E-01,    7.8540027826E-01,                  NaN
    4.1601562500E-01,   -5.9242889748E-01,   -1.4826487046E-01,    7.8540027826E-01,                  NaN
    4.1796875000E-01,   -5.9531805266E-01,   -1.5020280461E-01,    7.8540027826E-01,                  NaN
    4.1992187500E-01,   -5.9830686518E-01,   -1.5217723696E-01,    7.8540027826E-01,                  NaN
    4.2187500000E-01,   -6.0139540008E-01,   -1.5418878023E-01,    7.8540027826E-01,                  NaN
    4.2382812500E-01,   -6.0458358245E-01,   -1.5623802041E-01,    7.8540027826E-01,                  NaN
    4.2578125000E-01,   -6.0787116926E-01,   -1.5832550886E-01,    7.8540027826E-01,                  NaN
    4.2773437500E-01,   -6.1125773673E-01,   -1.6045175755E-01,    7.8540027826E-01,                  NaN
    4.2968750000E-01,   -6.1474267860E-01,   -1.6261723648E-01,    7.8540027826E-01,                  NaN
    4.3164062500E-01,   -6.1832520910E-01,   -1.6482237214E-01,    7.8540027826E-01,                  NaN
    4.3359375000E-01,   -6.2200436589E-01,   -1.6706754605E-01,    7.8540027826E-01,                  NaN
    4.3554687500E-01,   -6.2577901056E-01,   -1.6935309291E-01,    7.8540027826E-01,                  NaN
    4.3750000000E-01,   -6.2964782622E-01,   -1.7167929799E-01,    7.8540027826E-01,                  NaN
    4.3945312500E-01,   -6.3360931301E-01,   -1.7404639416E-01,    7.8540027826E-01,                  NaN
    4.4140625000E-01,   -6.3766178302E-01,   -1.7645455865E-01,    7.8540027826E-01,                  NaN
    4.4335937500E-01,   -6.4180335549E-01,   -1.7890390983E-01,    7.8540027826E-01,                  NaN
    4.4531250000E-01,   -6.4603195295E-01,   -1.8139450421E-01,    7.8540027826E-01,                  NaN
    4.4726562500E-01,   -6.5034529839E-01,   -1.8392633350E-01,    7.8540027826E-01,                  NaN
    4.4921875000E-01,   -6.5474091315E-01,   -1.8649932199E-01,    7.8540027826E-01,                  NaN
    4.5117187500E-01,   -6.5921611518E-01,   -1.8911332384E-01,    7.8540027826E-01,                  NaN
    4.5312500000E-01,   -6.6376801724E-01,   -1.9176812044E-01,    7.8540027826E-01,                  NaN
    4.5507812500E-01,   -6.6839352489E-01,   -1.9446341772E-01,    7.8540027826E-01,                  NaN
    4.5703125000E-01,   -6.7308933413E-01,   -1.9719884325E-01,    7.8540027826E-01,                  NaN
    4.5898437500E-01,   -6.7785192889E-01,   -1.9997394342E-01,    7.8540027826E-01,                  NaN
    4.6093750000E-01,   -6.8267757847E-01,   -2.0278818049E-01,    7.8540027826E-01,                  NaN
    4.6289062500E-01,   -6.8756233547E-01,   -2.0564092980E-01,    7.8540027826E-01,                  NaN
    4.6484375000E-01,   -6.9250203421E-01,   -2.0853147709E-01,    7.8540027826E-01,                  NaN
    4.6679687500E-01,   -6.9749228986E-01,   -2.1145901601E-01,    7.8540027826E-01,                  NaN
    4.6875000000E-01,   -7.0252849830E-01,   -2.1442264586E-01,    7.8540027826E-01,                  NaN
    4.7070312500E-01,   -7.0760583639E-01,   -2.1742136947E-01,    7.8540027826E-01,                  NaN
    4.7265625000E-01,   -7.1271926268E-01,   -2.2045409125E-01,    7.8540027826E-01,                  NaN
    4.7460937500E-01,   -7.1786351835E-01,   -2.2351961540E-01,    7.8540027826E-01,                  NaN
    4.7656250000E-01,   -7.2303312859E-01,   -2.2661664426E-01,    7.8540027826E-01,                  NaN
    4.7851562500E-01,   -7.2822240466E-01,   -2.2974377693E-01,    7.8540027826E-01,                  NaN
    4.8046875000E-01,   -7.3342544689E-01,   -2.3289950820E-01,    7.8540027826E-01,                  NaN
    4.8242187500E-01,   -7.3863614881E-01,   -2.3608222792E-01,    7.8540027826E-01,                  NaN
    4.8437500000E-01,   -7.4384820216E-01,   -2.3929022063E-01,    7.8540027826E-01,                  NaN
    4.8632812500E-01,   -7.4905510252E-01,   -2.4252166549E-01,    7.8540027826E-01,                  NaN
    4.8828125000E-01,   -7.5425015471E-01,   -2.4577463630E-01,    7.8540027826E-01,                  NaN
    4.9023437500E-01,   -7.5942647777E-01,   -2.4904710155E-01,    7.8540027826E-01,                  NaN
    4.9218750000E-01,   -7.6457700954E-01,   -2.5233692439E-01,    7.8540027826E-01,                  NaN
    4.9414062500E-01,   -7.6969451175E-01,   -2.5564186306E-01,    7.8540027826E-01,                  NaN
    4.9609375000E-01,   -7.7477157700E-01,   -2.5895957178E-01,    7.8540027826E-01,                  NaN
    4.9804687500E-01,   -7.7980063906E-01,   -2.6228760294E-01,    7.8540027826E-01,                  NaN
    5.0000000000E-01,   -7.8477398741E-01,   -2.6562341045E-01,    7.8540027826E-01,                  NaN
    5.0195312500E-01,   -7.8968378555E-01,   -2.6896435457E-01,    7.8540027826E-01,                  NaN
    5.0390625000E-01,   -7.9452209124E-01,   -2.7230770736E-01,    7.8540027826E-01,                  NaN
    5.0585937500E-01,   -7.9928087599E-01,   -2.7565065825E-01,    7.8540027826E-01,                  NaN
    5.0781250000E-01,   -8.0395204100E-01,   -2.7899031894E-01,    7.8540027826E-01,                  NaN
    5.0976562500E-01,   -8.0852742876E-01,   -2.8232372716E-01,    7.8540027826E-01,                  NaN
    5.1171875000E-01,   -8.1299883175E-01,   -2.8564785004E-01,    7.8540027826E-01,                  NaN
    5.1367187500E-01,   -8.1735800264E-01,   -2.8895958801E-01,    7.8540027826E-01,                  NaN
    5.1562500000E-01,   -8.2159667240E-01,   -2.9225578136E-01,    7.8540027826E-01,                  NaN
    5.1757812500E-01,   -8.2570658201E-01,   -2.9553322104E-01,    7.8540027826E-01,                  NaN
    5.1953125000E-01,   -8.2967953071E-01,   -2.9878866469E-01,    7.8540027826E-01,                  NaN
    5.2148437500E-01,   -8.3350743876E-01,   -3.0201885734E-01,    7.8540027826E-01,                  NaN
    5.2343750000E-01,   -8.3718241678E-01,   -3.0522055448E-01,    7.8540027826E-01,                  NaN
    5.2539062500E-01,   -8.4069683030E-01,   -3.0839054426E-01,    7.8540027826E-01,                  NaN
    5.2734375000E-01,   -8.4404334772E-01,   -3.1152566497E-01,    7.8540027826E-01,                  NaN
    5.2929687500E-01,   -8.4721496480E-01,   -3.1462281599E-01,    7.8540027826E-01,                  NaN
    5.3125000000E-01,   -8.5020500858E-01,   -3.1767896275E-01,    7.8540027826E-01,                  NaN
    5.3320312500E-01,   -8.5300713522E-01,   -3.2069114038E-01,    7.8540027826E-01,                  NaN
    5.3515625000E-01,   -8.5561534812E-01,   -3.2365646399E-01,    7.8540027826E-01,                  NaN
    5.3710937500E-01,   -8.5802406832E-01,   -3.2657215603E-01,    7.8540027826E-01,                  NaN
    5.3906250000E-01,   -8.6022828814E-01,   -3.2943560038E-01,    7.8540027826E-01,                  NaN
    5.4101562500E-01,   -8.6222382710E-01,   -3.3224442988E-01,    7.8540027826E-01,                  NaN
    5.4296875000E-01,   -8.6400768904E-01,   -3.3499664742E-01,    7.8540027826E-01,                  NaN
    5.4492187500E-01,   -8.6557849375E-01,   -3.3769077248E-01,    7.8540027826E-01,                  NaN
    5.4687500000E-01,   -8.6693692994E-01,   -3.4032599668E-01,    7.8540027826E-01,                  NaN
    5.4882812500E-01,   -8.6808615670E-01,   -3.4290232484E-01,    7.8540027826E-01,                  NaN
    5.5078125000E-01,   -8.6903207109E-01,   -3.4542067469E-01,    7.8540027826E-01,                  NaN
    5.5273437500E-01,   -8.6978336595E-01,   -3.4788290968E-01,    7.8540027826E-01,                  NaN
    5.5468750000E-01,   -8.7035132309E-01,   -3.5029178556E-01,    7.8540027826E-01,                  NaN
    5.5664062500E-01,   -8.7074932222E-01,   -3.5265080251E-01,    7.8540027826E-01,                  NaN
    5.5859375000E-01,   -8.7099208854E-01,   -3.5496396812E-01,    7.8540027826E-01,                  NaN
    5.6054687500E-01,   -8.7109474520E-01,   -3.5723549098E-01,    7.8540027826E-01,                  NaN
    5.6250000000E-01,   -8.7107177302E-01,   -3.5946943726E-01,    7.8540027826E-01,                  NaN
    5.6445312500E-01,   -8.7093600127E-01,   -3.6166939036E-01,    7.8540027826E-01,                  NaN
    5.6640625000E-01,   -8.7069775550E-01,   -3.6383815596E-01,    7.8540027826E-01,                  NaN
    5.6835937500E-01,   -8.7036426998E-01,   -3.6597754977E-01,    7.8540027826E-01,                  NaN
    5.7031250000E-01,   -8.6993943567E-01,   -3.6808829410E-01,    7.8540027826E-01,                  NaN
    5.7226562500E-01,   -8.6942390540E-01,   -3.7017003365E-01,    7.8540027826E-01,                  NaN
    5.7421875000E-01,   -8.6881552602E-01,   -3.7222146339E-01,    7.8540027826E-01,                  NaN
    5.7617187500E-01,   -8.6811002023E-01,   -3.7424054539E-01,    7.8540027826E-01,                  NaN
    5.7812500000E-01,   -8.6730180897E-01,   -3.7622477916E-01,    7.8540027826E-01,                  NaN
    5.8007812500E-01,   -8.6638485310E-01,   -3.7817148526E-01,    7.8540027826E-01,                  NaN
    5.8203125000E-01,   -8.6535340176E-01,   -3.8007806300E-01,    7.8540027826E-01,                  NaN
    5.8398437500E-01,   -8.6420256294E-01,   -3.8194219187E-01,    7.8540027826E-01,                  NaN
    5.8593750000E-01,   -8.6292865081E-01,   -3.8376195899E-01,    7.8540027826E-01,                  NaN
    5.8789062500E-01,   -8.6152930725E-01,   -3.8553590941E-01,    7.8540027826E-01,                  NaN
    5.8984375000E-01,   -8.6000343222E-01,   -3.8726302931E-01,    7.8540027826E-01,                  NaN
    5.9179687500E-01,   -8.5835098270E-01,   -3.8894268160E-01,    7.8540027826E-01,                  NaN
    5.9375000000E-01,   -8.5657270950E-01,   -3.9057451758E-01,    7.8540027826E-01,                  NaN
    5.9570312500E-01,   -8.5466989574E-01,   -3.9215838712E-01,    7.8540027826E-01,                  NaN
    5.9765625000E-01,   -8.5264414433E-01,   -3.9369426460E-01,    7.8540027826E-01,                  NaN
    5.9960937500E-01,   -8.5049723909E-01,   -3.9518220037E-01,    7.8540027826E-01,                  NaN
    6.0156250000E-01,   -8.4823108251E-01,   -3.9662229925E-01,    7.8540027826E-01,                  NaN
    6.0351562500E-01,   -8.4584769593E-01,   -3.9801472206E-01,    7.8540027826E-01,                  NaN
    6.0546875000E-01,   -8.4334925933E-01,   -3.9935970174E-01,    7.8540027826E-01,                  NaN
    6.0742187500E-01,   -8.4073816591E-01,   -4.0065756566E-01,    7.8540027826E-01,                  NaN
    6.0937500000E-01,   -8.3801707196E-01,   -4.0190875644E-01,    7.8540027826E-01,                  NaN
    6.1132812500E-01,   -8.3518893017E-01,   -4.0311384690E-01,    7.8540027826E-01,                  NaN
    6.1328125000E-01,   -8.3225700292E-01,   -4.0427354763E-01,    7.8540027826E-01,                  NaN
    6.1523437500E-01,   -8.2922485826E-01,   -4.0538870779E-01,    7.8540027826E-01,                  NaN
    6.1718750000E-01,   -8.2609635505E-01,   -4.0646031181E-01,    7.8540027826E-01,                  NaN
    6.1914062500E-01,   -8.2287562405E-01,   -4.0748947408E-01,    7.8540027826E-01,                  NaN
    6.2109375000E-01,   -8.1956705020E-01,   -4.0847743417E-01,    7.8540027826E-01,                  NaN
    6.2304687500E-01,   -8.1617525917E-01,   -4.0942555342E-01,    7.8540027826E-01,                  NaN
    6.2500000000E-01,   -8.1270510855E-01,   -4.1033531336E-01,    7.8540027826E-01,                  NaN
    6.2695312500E-01,   -8.0916168276E-01,   -4.1120831561E-01,    7.8540027826E-01,                  NaN
    6.2890625000E-01,   -8.0555028967E-01,   -4.1204628254E-01,    7.8540027826E-01,                  NaN
    6.3085937500E-01,   -8.0187645758E-01,   -4.1285105800E-01,    7.8540027826E-01,                  NaN
    6.3281250000E-01,   -7.9814593104E-01,   -4.1362460783E-01,    7.8540027826E-01,                  NaN
    6.3476562500E-01,   -7.9436466549E-01,   -4.1436901973E-01,    7.8540027826E-01,                  NaN
    6.3671875000E-01,   -7.9053882032E-01,   -4.1508650264E-01,    7.8540027826E-01,                  NaN
    6.3867187500E-01,   -7.8667475102E-01,   -4.1577938564E-01,    7.8540027826E-01,                  NaN
    6.4062500000E-01,   -7.8277900057E-01,   -4.1645011654E-01,    7.8540027826E-01,                  NaN
    6.4257812500E-01,   -7.7885829037E-01,   -4.1710126026E-01,    7.8540027826E-01,                  NaN
    6.4453125000E-01,   -7.7491951065E-01,   -4.1773549699E-01,    7.8540027826E-01,                  NaN
    6.4648437500E-01,   -7.7096971037E-01,   -4.1835562003E-01,    7.8540027826E-01,                  NaN
    6.4843750000E-01,   -7.6701608636E-01,   -4.1896453335E-01,    7.8540027826E-01,                  NaN
    6.5039062500E-01,   -7.6306597136E-01,   -4.1956524863E-01,    7.8540027826E-01,                  NaN
    6.5234375000E-01,   -7.5912682093E-01,   -4.2016088172E-01,    7.8540027826E-01,                  NaN
    6.5429687500E-01,   -7.5520619888E-01,   -4.2075464848E-01,    7.8540027826E-01,                  NaN
    6.5625000000E-01,   -7.5131176150E-01,   -4.2134985992E-01,    7.8540027826E-01,                  NaN
    6.5820312500E-01,   -7.4745124053E-01,   -4.2194991672E-01,    7.8540027826E-01,                  NaN
    6.6015625000E-01,   -7.4363242525E-01,   -4.2255830325E-01,    7.8540027826E-01,                  NaN
    6.6210937500E-01,   -7.3986314383E-01,   -4.2317858103E-01,    7.8540027826E-01,                  NaN
    6.6406250000E-01,   -7.3615124424E-01,   -4.2381438194E-01,    7.8540027826E-01,                  NaN
    6.6601562500E-01,   -7.3250457454E-01,   -4.2446940088E-01,    7.8540027826E-01,                  NaN
    6.6796875000E-01,   -7.2893096235E-01,   -4.2514738792E-01,    7.8540027826E-01,                  NaN
    6.6992187500E-01,   -7.2543819291E-01,   -4.2585213955E-01,    7.8540027826E-01,                  NaN
    6.7187500000E-01,   -7.2203398525E-01,   -4.2658748884E-01,    7.8540027826E-01,                  NaN
    6.7382812500E-01,   -7.1872596606E-01,   -4.2735729422E-01,    7.8540027826E-01,                  NaN
    6.7578125000E-01,   -7.1552164135E-01,   -4.2816542686E-01,    7.8540027826E-01,                  NaN
    6.7773437500E-01,   -7.1242836620E-01,   -4.2901575684E-01,    7.8540027826E-01,                  NaN
    6.7968750000E-01,   -7.0945331362E-01,   -4.2991213842E-01,    7.8540027826E-01,                  NaN
    6.8164062500E-01,   -7.0660344331E-01,   -4.3085839483E-01,    7.8540027826E-01,                  NaN
    6.8359375000E-01,   -7.0388547070E-01,   -4.3185830277E-01,    7.8540027826E-01,                  NaN
    6.8554687500E-01,   -7.0130583618E-01,   -4.3291557658E-01,    7.8540027826E-01,                  NaN
    6.8750000000E-01,   -6.9887067330E-01,   -4.3403385132E-01,    7.8540027826E-01,                  NaN
    6.8945312500E-01,   -6.9658577398E-01,   -4.3521666401E-01,    7.8540027826E-01,                  NaN
    6.9140625000E-01,   -6.9445654904E-01,   -4.3646743184E-01,    7.8540027826E-01,                  NaN
    6.9335937500E-01,   -6.9248798261E-01,   -4.3778942671E-01,    7.8540027826E-01,                  NaN
    6.9531250000E-01,   -6.9068458084E-01,   -4.3918574611E-01,    7.8540027826E-01,                  NaN
    6.9726562500E-01,   -6.8905031704E-01,   -4.4065928119E-01,    7.8540027826E-01,                  NaN
    6.9921875000E-01,   -6.8758857697E-01,   -4.4221268410E-01,    7.8540027826E-01,                  NaN
    7.0117187500E-01,   -6.8630210858E-01,   -4.4384833651E-01,    7.8540027826E-01,                  NaN
    7.0312500000E-01,   -6.8519297951E-01,   -4.4556832136E-01,    7.8540027826E-01,                  NaN
    7.0507812500E-01,   -6.8426254275E-01,   -4.4737439819E-01,    7.8540027826E-01,                  NaN
    7.0703125000E-01,   -6.8351140722E-01,   -4.4926798043E-01,    7.8540027826E-01,                  NaN
    7.0898437500E-01,   -6.8293940575E-01,   -4.5125011116E-01,    7.8540027826E-01,                  NaN
    7.1093750000E-01,   -6.8254555041E-01,   -4.5332143195E-01,    7.8540027826E-01,                  NaN
    7.1289062500E-01,   -6.8232796558E-01,   -4.5548213953E-01,    7.8540027826E-01,                  NaN
    7.1484375000E-01,   -6.8228379295E-01,   -4.5773192710E-01,    7.8540027826E-01,                  NaN
    7.1679687500E-01,   -6.8240907115E-01,   -4.6006991101E-01,    7.8540027826E-01,                  NaN
    7.1875000000E-01,   -6.8269860299E-01,   -4.6249454949E-01,    7.8540027826E-01,                  NaN
    7.2070312500E-01,   -6.8314583541E-01,   -4.6500356618E-01,    7.8540027826E-01,                  NaN
    7.2265625000E-01,   -6.8374278586E-01,   -4.6759389677E-01,    7.8540027826E-01,                  NaN
    7.2460937500E-01,   -6.8448005293E-01,   -4.7026167932E-01,    7.8540027826E-01,                  NaN
    7.2656250000E-01,   -6.8534694551E-01,   -4.7300230761E-01,    7.8540027826E-01,                  NaN
    7.2851562500E-01,   -6.8633175254E-01,   -4.7581056082E-01,    7.8540027826E-01,                  NaN
    7.3046875000E-01,   -6.8742215647E-01,   -4.7868081289E-01,    7.8540027826E-01,                  NaN
    7.3242187500E-01,   -6.8860576960E-01,   -4.8160731217E-01,    7.8540027826E-01,                  NaN
    7.3437500000E-01,   -6.8987074926E-01,   -4.8458450882E-01,    7.8540027826E-01,                  NaN
    7.3632812500E-01,   -6.9120642844E-01,   -4.8760739687E-01,    7.8540027826E-01,                  NaN
    7.3828125000E-01,   -6.9260388905E-01,   -4.9067183143E-01,    7.8540027826E-01,                  NaN
    7.4023437500E-01,   -6.9405640640E-01,   -4.9377478173E-01,    7.8540027826E-01,                  NaN
    7.4218750000E-01,   -6.9555970762E-01,   -4.9691448753E-01,    7.8540027826E-01,                  NaN
    7.4414062500E-01,   -6.9711201065E-01,   -5.0009049847E-01,    7.8540027826E-01,                  NaN
    7.4609375000E-01,   -6.9871384012E-01,   -5.0330359224E-01,    7.8540027826E-01,                  NaN
    7.4804687500E-01,   -7.0036764649E-01,   -5.0655558352E-01,    7.8540027826E-01,                  NaN
    7.5000000000E-01,   -7.0207728070E-01,   -5.0984905038E-01,    7.8540027826E-01,                  NaN
    7.5195312500E-01,   -7.0384739189E-01,   -5.1318701379E-01,    7.8540027826E-01,                  NaN
    7.5390625000E-01,   -7.0568282130E-01,   -5.1657260993E-01,    7.8540027826E-01,                  NaN
    7.5585937500E-01,   -7.0758805790E-01,   -5.2000879127E-01,    7.8540027826E-01,                  NaN
    7.5781250000E-01,   -7.0956680572E-01,   -5.2349808521E-01,    7.8540027826E-01,                  NaN
    7.5976562500E-01,   -7.1162169090E-01,   -5.2704242662E-01,    7.8540027826E-01,                  NaN
    7.6171875000E-01,   -7.1375411393E-01,   -5.3064306905E-01,    7.8540027826E-01,                  NaN
    7.6367187500E-01,   -7.1596423222E-01,   -5.3430056760E-01,    7.8540027826E-01,                  NaN
    7.6562500000E-01,   -7.1825104400E-01,   -5.3801481854E-01,    7.8540027826E-01,                  NaN
    7.6757812500E-01,   -7.2061253730E-01,   -5.4178513604E-01,    7.8540027826E-01,                  NaN
    7.6953125000E-01,   -7.2304586755E-01,   -5.4561034605E-01,    7.8540027826E-01,                  NaN
    7.7148437500E-01,   -7.2554753275E-01,   -5.4948887986E-01,    7.8540027826E-01,                  NaN
    7.7343750000E-01,   -7.2811352437E-01,   -5.5341885469E-01,    7.8540027826E-01,                  NaN
    7.7539062500E-01,   -7.3073944202E-01,   -5.5739813427E-01,    7.8540027826E-01,                  NaN
    7.7734375000E-01,   -7.3342056976E-01,   -5.6142436764E-01,    7.8540027826E-01,                  NaN
    7.7929687500E-01,   -7.3615191869E-01,   -5.6549500871E-01,    7.8540027826E-01,                  NaN
    7.8125000000E-01,   -7.3892824505E-01,   -5.6960732151E-01,    7.8540027826E-01,                  NaN
    7.8320312500E-01,   -7.4174405421E-01,   -5.7375837728E-01,    7.8540027826E-01,                  NaN
    7.8515625000E-01,   -7.4459360026E-01,   -5.7794504905E-01,    7.8540027826E-01,                  NaN
    7.8710937500E-01,   -7.4747088810E-01,   -5.8216400802E-01,    7.8540027826E-01,                  NaN
    7.8906250000E-01,   -7.5036968217E-01,   -5.8641172428E-01,    7.8540027826E-01,                  NaN
    7.9101562500E-01,   -7.5328352284E-01,   -5.9068447294E-01,    7.8540027826E-01,                  NaN
    7.9296875000E-01,   -7.5620574917E-01,   -5.9497834483E-01,    7.8540027826E-01,                  NaN
    7.9492187500E-01,   -7.5912952576E-01,   -5.9928926064E-01,    7.8540027826E-01,                  NaN
    7.9687500000E-01,   -7.6204787061E-01,   -6.0361298657E-01,    7.8540027826E-01,                  NaN
    7.9882812500E-01,   -7.6495368166E-01,   -6.0794515005E-01,    7.8540027826E-01,                  NaN
    8.0078125000E-01,   -7.6783976041E-01,   -6.1228125425E-01,    7.8540027826E-01,                  NaN
    8.0273437500E-01,   -7.7069883190E-01,   -6.1661669107E-01,    7.8540027826E-01,                  NaN
    8.0468750000E-01,   -7.7352356156E-01,   -6.2094675240E-01,    7.8540027826E-01,                  NaN
    8.0664062500E-01,   -7.7630656967E-01,   -6.2526664027E-01,    7.8540027826E-01,                  NaN
    8.0859375000E-01,   -7.7904044475E-01,   -6.2957147645E-01,    7.8540027826E-01,                  NaN
    8.1054687500E-01,   -7.8171775694E-01,   -6.3385631222E-01,    7.8540027826E-01,                  NaN
    8.1250000000E-01,   -7.8433107233E-01,   -6.3811613890E-01,    7.8540027826E-01,                  NaN
    8.1445312500E-01,   -7.8687296875E-01,   -6.4234589940E-01,    7.8540027826E-01,                  NaN
    8.1640625000E-01,   -7.8933605327E-01,   -6.4654050119E-01,    7.8540027826E-01,                  NaN
    8.1835937500E-01,   -7.9171298131E-01,   -6.5069483042E-01,    7.8540027826E-01,                  NaN
    8.2031250000E-01,   -7.9399647705E-01,   -6.5480376732E-01,    7.8540027826E-01,                  NaN
    8.2226562500E-01,   -7.9617935510E-01,   -6.5886220248E-01,    7.8540027826E-01,                  NaN
    8.2421875000E-01,   -7.9825454280E-01,   -6.6286505401E-01,    7.8540027826E-01,                  NaN
    8.2617187500E-01,   -8.0021510327E-01,   -6.6680728529E-01,    7.8540027826E-01,                  NaN
    8.2812500000E-01,   -8.0205425866E-01,   -6.7068392318E-01,    7.8540027826E-01,                  NaN
    8.3007812500E-01,   -8.0376541383E-01,   -6.7449007656E-01,    7.8540027826E-01,                  NaN
    8.3203125000E-01,   -8.0534218015E-01,   -6.7822095519E-01,    7.8540027826E-01,                  NaN
    8.3398437500E-01,   -8.0677839956E-01,   -6.8187188875E-01,    7.8540027826E-01,                  NaN
    8.3593750000E-01,   -8.0806816908E-01,   -6.8543834623E-01,    7.8540027826E-01,                  NaN
    8.3789062500E-01,   -8.0920586557E-01,   -6.8891595551E-01,    7.8540027826E-01,                  NaN
    8.3984375000E-01,   -8.1018617124E-01,   -6.9230052336E-01,    7.8540027826E-01,                  NaN
    8.4179687500E-01,   -8.1100409947E-01,   -6.9558805558E-01,    7.8540027826E-01,                  NaN
    8.4375000000E-01,   -8.1165502115E-01,   -6.9877477737E-01,    7.8540027826E-01,                  NaN
    8.4570312500E-01,   -8.1213469095E-01,   -7.0185715350E-01,    7.8540027826E-01,                  NaN
    8.4765625000E-01,   -8.1243927344E-01,   -7.0483190832E-01,    7.8540027826E-01,                  NaN
    8.4960937500E-01,   -8.1256536870E-01,   -7.0769604509E-01,    7.8540027826E-01,                  NaN
    8.5156250000E-01,   -8.1251003720E-01,   -7.1044686471E-01,    7.8540027826E-01,                  NaN
    8.5351562500E-01,   -8.1227082432E-01,   -7.1308198389E-01,    7.8540027826E-01,                  NaN
    8.5546875000E-01,   -8.1184578466E-01,   -7.1559935278E-01,    7.8540027826E-01,                  NaN
    8.5742187500E-01,   -8.1123350657E-01,   -7.1799727230E-01,    7.8540027826E-01,                  NaN
    8.5937500000E-01,   -8.1043313706E-01,   -7.2027441121E-01,    7.8540027826E-01,                  NaN
    8.6132812500E-01,   -8.0944440685E-01,   -7.2242982270E-01,    7.8540027826E-01,                  NaN
    8.6328125000E-01,   -8.0826765465E-01,   -7.2446295996E-01,    7.8540027826E-01,                  NaN
    8.6523437500E-01,   -8.0690384921E-01,   -7.2637368982E-01,    7.8540027826E-01,                  NaN
    8.6718750000E-01,   -8.0535460756E-01,   -7.2816230354E-01,    7.8540027826E-01,                  NaN
    8.6914062500E-01,   -8.0362220798E-01,   -7.2982952390E-01,    7.8540027826E-01,                  NaN
    8.7109375000E-01,   -8.0170959669E-01,   -7.3137650814E-01,    7.8540027826E-01,                  NaN
    8.7304687500E-01,   -7.9962038866E-01,   -7.3280484705E-01,    7.8540027826E-01,                  NaN
    8.7500000000E-01,   -7.9735886363E-01,   -7.3411656093E-01,    7.8540027826E-01,                  NaN
    8.7695312500E-01,   -7.9492995905E-01,   -7.3531409385E-01,    7.8540027826E-01,                  NaN
    8.7890625000E-01,   -7.9233926148E-01,   -7.3640030707E-01,    7.8540027826E-01,                  NaN
    8.8085937500E-01,   -7.8959299684E-01,   -7.3737847232E-01,    7.8540027826E-01,                  NaN
    8.8281250000E-01,   -7.8669801753E-01,   -7.3825226390E-01,    7.8540027826E-01,                  NaN
    8.8476562500E-01,   -7.8366178194E-01,   -7.3902574759E-01,    7.8540027826E-01,                  NaN
    8.8671875000E-01,   -7.8049231940E-01,   -7.3970336218E-01,    7.8540027826E-01,                  NaN
    8.8867187500E-01,   -7.7719817182E-01,   -7.4028988904E-01,    7.8540027826E-01,                  NaN
    8.9062500000E-01,   -7.7378830313E-01,   -7.4079040441E-01,    7.8540027826E-01,                  NaN
    8.9257812500E-01,   -7.7027196951E-01,   -7.4121020997E-01,    7.8540027826E-01,                  NaN
    8.9453125000E-01,   -7.6665854699E-01,   -7.4155473927E-01,    7.8540027826E-01,                  NaN
    8.9648437500E-01,   -7.6295731810E-01,   -7.4182943980E-01,    7.8540027826E-01,                  NaN
    8.9843750000E-01,   -7.5917722594E-01,   -7.4203963453E-01,    7.8540027826E-01,                  NaN
    9.0039062500E-01,   -7.5532660949E-01,   -7.4219036936E-01,    7.8540027826E-01,                  NaN
    9.0234375000E-01,   -7.5141294010E-01,   -7.4228625706E-01,    7.8540027826E-01,                  NaN
    9.0429687500E-01,   -7.4744258217E-01,   -7.4233133004E-01,    7.8540027826E-01,                  NaN
    9.0625000000E-01,   -7.4342060251E-01,   -7.4232891637E-01,    7.8540027826E-01,                  NaN
    9.0820312500E-01,   -7.3935065119E-01,   -7.4228155280E-01,    7.8540027826E-01,                  NaN
    9.1015625000E-01,   -7.3523493202E-01,   -7.4219094730E-01,    7.8540027826E-01,                  NaN
    9.1210937500E-01,   -7.3107427359E-01,   -7.4205799965E-01,    7.8540027826E-01,                  NaN
    9.1406250000E-01,   -7.2686830185E-01,   -7.4188288357E-01,    7.8540027826E-01,                  NaN
    9.1601562500E-01,   -7.2261570493E-01,   -7.4166518746E-01,    7.8540027826E-01,                  NaN
    9.1796875000E-01,   -7.1831456975E-01,   -7.4140410403E-01,    7.8540027826E-01,                  NaN
    9.1992187500E-01,   -7.1396276127E-01,   -7.4109865255E-01,    7.8540027826E-01,                  NaN
    9.2187500000E-01,   -7.0955830932E-01,   -7.4074791319E-01,    7.8540027826E-01,                  NaN
    9.2382812500E-01,   -7.0509976625E-01,   -7.4035125044E-01,    7.8540027826E-01,                  NaN
    9.2578125000E-01,   -7.0058650216E-01,   -7.3990850361E-01,    7.8540027826E-01,                  NaN
    9.2773437500E-01,   -6.9601891218E-01,   -7.3942012669E-01,    7.8540027826E-01,                  NaN
    9.2968750000E-01,   -6.9139852178E-01,   -7.3888726646E-01,    7.8540027826E-01,                  NaN
    9.3164062500E-01,   -6.8672798925E-01,   -7.3831177588E-01,    7.8540027826E-01,                  NaN
    9.3359375000E-01,   -6.8201101701E-01,   -7.3769616830E-01,    7.8540027826E-01,                  NaN
    9.3554687500E-01,   -6.7725219389E-01,   -7.3704352511E-01,    7.8540027826E-01,                  NaN
    9.3750000000E-01,   -6.7245679633E-01,   -7.3635737394E-01,    7.8540027826E-01,                  NaN
    9.3945312500E-01,   -6.6763057805E-01,   -7.3564155613E-01,    7.8540027826E-01,                  NaN
    9.4140625000E-01,   -6.6277957411E-01,   -7.3490010077E-01,    7.8540027826E-01,                  NaN
    9.4335937500E-01,   -6.5790993876E-01,   -7.3413711823E-01,    7.8540027826E-01,                  NaN
    9.4531250000E-01,   -6.5302782729E-01,   -7.3335672108E-01,    7.8540027826E-01,                  NaN
    9.4726562500E-01,   -6.4813932364E-01,   -7.3256297397E-01,    7.8540027826E-01,                  NaN
    9.4921875000E-01,   -6.4325040771E-01,   -7.3175986971E-01,    7.8540027826E-01,                  NaN
    9.5117187500E-01,   -6.3836695201E-01,   -7.3095132487E-01,    7.8540027826E-01,                  NaN
    9.5312500000E-01,   -6.3349473518E-01,   -7.3014118725E-01,    7.8540027826E-01,                  NaN
    9.5507812500E-01,   -6.2863946091E-01,   -7.2933324766E-01,    7.8540027826E-01,                  NaN
    9.5703125000E-01,   -6.2380677368E-01,   -7.2853125036E-01,    7.8540027826E-01,                  NaN
    9.5898437500E-01,   -6.1900226645E-01,   -7.2773889869E-01,    7.8540027826E-01,                  NaN
    9.6093750000E-01,   -6.1423147885E-01,   -7.2695985481E-01,    7.8540027826E-01,                  NaN
    9.6289062500E-01,   -6.0949988752E-01,   -7.2619773456E-01,    7.8540027826E-01,                  NaN
    9.6484375000E-01,   -6.0481289148E-01,   -7.2545609907E-01,    7.8540027826E-01,                  NaN
    9.6679687500E-01,   -6.0017579589E-01,   -7.2473844548E-01,    7.8540027826E-01,                  NaN
    9.6875000000E-01,   -5.9559379687E-01,   -7.2404819841E-01,    7.8540027826E-01,                  NaN
    9.7070312500E-01,   -5.9107196880E-01,   -7.2338870318E-01,    7.8540027826E-01,                  NaN
    9.7265625000E-01,   -5.8661525423E-01,   -7.2276322080E-01,    7.8540027826E-01,                  NaN
    9.7460937500E-01,   -5.8222845555E-01,   -7.2217492429E-01,    7.8540027826E-01,                  NaN
    9.7656250000E-01,   -5.7791622687E-01,   -7.2162689505E-01,    7.8540027826E-01,                  NaN
    9.7851562500E-01,   -5.7368306465E-01,   -7.2112211841E-01,    7.8540027826E-01,                  NaN
    9.8046875000E-01,   -5.6953329566E-01,   -7.2066347728E-01,    7.8540027826E-01,                  NaN
    9.8242187500E-01,   -5.6547106181E-01,   -7.2025374338E-01,    7.8540027826E-01,                  NaN
    9.8437500000E-01,   -5.6150030168E-01,   -7.1989556608E-01,    7.8540027826E-01,                  NaN
    9.8632812500E-01,   -5.5762472930E-01,   -7.1959145902E-01,    7.8540027826E-01,                  NaN
    9.8828125000E-01,   -5.5384781114E-01,   -7.1934378513E-01,    7.8540027826E-01,                  NaN
    9.9023437500E-01,   -5.5017274250E-01,   -7.1915474092E-01,    7.8540027826E-01,                  NaN
    9.9218750000E-01,   -5.4660242416E-01,   -7.1902634064E-01,    7.8540027826E-01,                  NaN
    9.9414062500E-01,   -5.4313944051E-01,   -7.1896040105E-01,    7.8540027826E-01,                  NaN
    9.9609375000E-01,   -5.3978603964E-01,   -7.1895852732E-01,    7.8540027826E-01,                  NaN
    9.9804687500E-01,   -5.3654411597E-01,   -7.1902210031E-01,    7.8540027826E-01,                  NaN
    1.0000000000E+00,   -5.3341519546E-01,   -7.1915226541E-01,    7.8540027826E-01,                  NaN
                 NaN,   -5.9159395281E-01,   -3.0631024691E-01,    7.8540027826E-01,                  NaN
